0.011672975419488895
0.017002260215313654
0.020630149645713282
0.02544492312828233
0.03017784253828797
0.040409601608714
0.0476829206279197
0.054006147733442984
0.06818151908558465
0.07846589863123
0.08819483982733796
0.09868677791412625
0.12033133338767892
0.1349101283831688
0.14895102518752773
0.18022220426648408
0.19563415678628007
0.21406593991171896
0.22126617493756448
0.2698904173999634
0.2958440051220326
0.34608778887729325
0.34608778887729325
0.3959632293060185
0.4272431784641781
0.5088458420904273
0.5088458420904273
0.545077962638673
0.6110494217650456
0.6110494217650456
0.7213039341482221
0.7213039341482221
0.846973322410929
0.846973322410929
0.9560760310587489
0.9560760310587489
1.0002216864080358
1.0969556600195778
1.14356570762497
1.305011172317355
1.3601486602680137
1.415555097314238
1.4710287716343533
1.5746443340606906
1.6364792391628766
1.7467980654602102
1.7467980654602102
1.7815772762204554
1.9295168189398781
None
None
-1.8771443388464353
-1.837135247974724
-1.791104037623565
-1.7397055402023733
-1.6335203723130585
-1.5651868563751474
