0.015575660664922823
0.01879720309223982
0.021881347612039664
0.030318163805539526
0.03507739345315483
0.04039790816977637
0.046039992457182724
0.05129326989991289
0.06286392772869752
0.07855652278299664
0.08844917212423141
0.0968567547203872
0.1073516161669099
0.1190275149461332
0.14718531590794562
0.16186642849413976
0.18834622096840234
0.20850278633714162
0.24477291056193468
0.24477291056193468
0.28418272314148135
0.31214465900108845
0.33295898031006943
0.3605174925263283
0.41488029014736905
0.44340058771624796
0.4689741386728442
0.48385111636124367
0.5571426682625725
0.5900070783967809
0.6241022229791748
0.6598958395672595
0.7367392735458934
0.7774967549630019
0.8643497726722469
0.9105447031953532
0.9579089776122225
0.9639603322624458
1.0567945439882884
1.1465329177553936
1.2056841786213937
1.2658469219554986
1.3201307888637104
1.423606030022796
1.479018313788489
1.5345650721019646
1.6310651769347542
1.68579631788233
1.7409805795887394
1.7972815647136922
1.9071268067340517
None
None
-1.9305073334958738
-1.8788340403314454
-1.8180486372556386
-1.7039733235046586
