-1.1693438937629748e-05
0.00015493806592359414
0.00058174858714708
0.0008916247189942682
0.001754015840644462
0.0024526988171678396
0.0031338416352847723
0.00394653564145004
0.004615985020629342
0.006665260194448956
0.00984295222574984
0.01231611456105853
0.014944214962290817
0.018206684425889515
0.025576474316330665
0.030744974326763014
0.03566498875977073
0.040985503476392265
0.051915945523341674
0.05859582251646266
0.07382945009245982
0.08317543116336039
0.09457068740808058
0.10543389218113862
0.11703086024753291
0.1427242689532399
0.15714520252307176
0.17290503485126227
0.17922826195678554
0.22523609745688977
0.24947367301486184
0.2692209680207841
0.2955487457888575
0.3416325886420563
0.3705358463361426
0.3936830087131807
0.42087610096263867
0.4739643137394777
0.48124347947815227
0.5657899663569498
0.5951726550474788
0.6345766209075567
0.6714811141947162
0.7097595865570472
0.7856470819025299
0.8336252618636247
0.9120063830625569
0.9586602810639652
1.0002479966456455
1.0486149834514165
1.0912784954153585
1.1953354851615912
1.2447227245146706
1.2942882888115486
1.3807495763163828
1.4424763171083959
1.491898636778288
1.5413501900455242
1.5723524200289152
1.7121620993269508
1.7570882917253243
1.8149561976679196
1.8663079347625204
1.9684793574800605
None
None
-1.9809791261233831
-1.9316065164688216
-1.8457065364765404
-1.8028851742751064
-1.655276009772307
-1.5669291783216286
-1.507988414756274
-1.3735986795185542
-1.327514848705924
-1.2659079817593772
-1.1394434726909697
-1.1394434726909697
