0.1588056708522152
0.17539281398524298
0.2098709186928443
0.2098709186928443
0.24433148324203915
0.28419149322068454
0.30977673761621843
0.3333799441118241
0.38462936361572087
0.40804255172859005
0.4390564751509185
0.467544615762719
0.49783646933064885
0.5535118554724385
0.5909162432741817
0.6213425713898942
0.6951310944460724
0.733973775237144
0.7741144277502925
0.8157430703682544
0.9033444681695076
0.9494955482965979
0.9970264542183284
1.0826662776377942
1.1326644991753647
1.1831158414717682
1.2336811947978137
1.284290398519875
1.3847370389941147
1.4346826400564656
1.53476093720417
1.5848468595337726
1.6350409461735482
1.647488611922655
1.7517882405268437
1.7997576504087351
1.8871164093520327
1.9555990344902614
None
None
-1.963018008607981
-1.9280692521143885
-1.8653076583744523
