0.051810704572903
0.06713495630066679
0.07696036836801018
0.08606371058095494
0.09535999453637059
0.11378593094234066
0.1256723116224413
0.13555326752473842
0.1478401484884529
0.17746255267720346
0.19264063641824686
0.20663768282658967
0.22521563393874894
0.2578666388123456
0.2762370313833619
0.28089102008053857
0.3150650953757615
0.356532953208331
0.3802852510503914
0.43283848899583394
0.45207711940796924
0.4817258338343295
0.5085476593975177
0.5603671340496239
0.5852829290659786
0.6192932962160747
0.6514122496180091
0.6851507443128054
0.7528762192798225
0.7950749170459938
0.8718686539091428
0.8718686539091428
0.9467592835851925
0.9936879774016351
1.0257893906451632
1.0584871692745104
1.137911929898626
1.230965393604549
1.278893876450159
1.3285617583377414
1.379115418224849
1.5328929103338835
1.5328929103338835
1.63542682965849
1.63542682965849
1.782027473619554
1.8888967354302868
1.9901706867093636
None
-1.9747699116698163
-1.875884371130104
-1.875884371130104
-1.7856022760408847
