-0.0004531207588331527
-0.0005642084287406353
-0.00017247822433003878
0.001245351246857568
0.002902896216266585
0.004034236433482263
0.005367288472372054
0.008477743229781566
0.01042470081289692
0.012892016428736797
0.0187504293364893
0.02292206367748871
0.02721063240786442
0.031551821613459465
0.04330957446524618
0.049939754342882246
0.05823917262886496
0.06417651624944647
0.07272442011285381
0.08861288026935822
0.1126195104083121
0.1247689934645094
0.14193203846521546
0.17303366267957618
0.19319315140804988
0.2119581975432112
0.24412392470089622
0.2675838865695159
0.28403655515476095
0.30745558998709893
0.3589710352268268
0.38624305818911375
0.41419622396951766
0.44278668217202244
0.5011077088734508
0.5306979561051228
0.5598672395350403
0.587776554919428
0.6333926602151217
0.660416197599984
0.6830108449872191
0.7226866833025969
0.7418493063616376
0.7595970233092252
0.7756930420068725
0.8041139453447816
0.8174970862088988
0.8263256326068094
0.8317426181946663
0.8460524640945907
