0.8130389626139275
0.8498089813533043
0.8932968807623493
0.9782701781623703
1.037231420645634
1.0916146817848154
1.1936136262780253
1.1936136262780253
1.290867957922292
1.3502940146033262
1.4031834389182256
1.4559968558800302
1.5548561120184867
1.6139605991287362
1.659842730160261
1.6924440379183727
1.8154005483475495
1.8669072235080741
1.9765712172249001
1.9765712172249001
None
-1.9716799212378862
-1.9212607490718476
-1.8706106315471311
-1.8193612254334406
-1.6879562397047092
-1.6363764940273402
-1.571220669290478
-1.4986132025375414
-1.4192586232804465
-1.2476632984238263
-1.146880497912191
-1.067675009962597
-0.9654217598887467
-0.7945952784413959
-0.7029421279949624
-0.6222895773549186
-0.4371912574130702
-0.3441612048914814
-0.2508037361651847
-0.14570021109499381
-0.06409464543053249
0.12126385345969981
0.2130631718546636
0.3040527198147696
0.3718074106765006
0.5830464065335061
0.681379432227774
0.7569687251307284
0.8418455294832977
1.006193847451786
1.0859401568109421
1.1642452501975893
1.2505895807534027
1.3907295630863044
1.3998562897925357
1.5961539979507748
1.6567376892576098
1.7332887672618937
1.7999238116378826
1.8653047350154817
-1.9237140231094092
-1.8548671879090037
