0.016271420281711794
0.019823302359016828
0.023796148238076537
0.03374141805453063
0.03951505352998532
0.04599906542090102
0.05422832307325795
0.06134962738627447
0.07018109714391933
0.09612883814651975
0.10799767866821394
0.1206353628000573
0.13590407069286733
0.16473424439359347
0.18350806060795802
0.20096051822237043
0.21686651853728128
0.2356958785865996
0.2552385384111133
0.3094756315635745
0.3374784944594633
0.3608478321763164
0.39184713879997285
0.4457568156621804
0.4793316022118498
0.5068696509099678
0.5446628455563872
0.6056295128174543
0.6417856260126055
0.6790233823094873
0.7569163024327735
0.7981269046087152
0.8464441942990013
0.885854006878548
0.9319261562928092
1.0273007676278518
1.0766704668225247
1.1203425378948373
1.1580334149505525
1.2860941114760045
1.337665100550686
1.3897622943775612
1.4496122382200844
1.5520935370694715
1.6149106910424187
1.6644557918211558
1.7292871406511097
1.7878508062104939
1.891258810095688
1.9500680378727624
None
-1.9783568731267498
-1.9228364395570041
-1.874928432746716
-1.8140407121069382
-1.7137431891844233
-1.6506190989321319
-1.5886292719604356
-1.461831499969379
-1.3791969119472645
-1.2912973544190887
-1.2001031713310404
-1.0150983988762514
-0.9234949455323181
-0.8330520656997155
-0.7435183505069711
-0.5650034349669271
-0.474993212261974
-0.4410003941517696
-0.2922423495735221
-0.1181972498995343
-0.025626164736330573
0.06578142355657204
