0.004691992373723936
0.007255778860799258
0.011129230508889112
0.013947349292857882
0.01700518357504806
0.024907024937151363
0.028865254017539033
0.03454826534122709
0.04008218531846037
0.05022332023711976
0.05827717630541225
0.06594514888876296
0.07312784375620203
0.09196889724445796
0.10299581016264281
0.13020644257050723
0.144188872180178
0.15705457837130513
0.17451288270518633
0.1867120628768686
0.21909704201463417
0.23821581467765882
0.25914707037601603
0.3026671267421396
0.33010578120928774
0.35537822611324005
0.3815042920596393
0.4327537115635361
0.46102844691472483
0.48694987767971554
0.5473289496341668
0.6169750719466895
0.6169750719466895
0.6536018460590803
0.7249025899812777
0.7700100306831844
0.8114194213210658
0.8543811159779174
0.9385738763288517
0.9907061504725395
1.00242005292831
1.0799680166029362
1.178400462220169
1.2285243882263188
1.2782595073877927
1.3776186580408325
1.4270555945093968
1.475732457447015
1.5235293891045765
1.6047315524472119
