0.009041951658522202
0.011582351267722264
0.017160121640971655
0.02079093443110569
0.025515083761908107
0.030391247798899713
0.04141816071708457
0.04841960728099037
0.057125372570055725
0.06135255074600888
0.07689897781358762
0.09917205563003789
0.10981308506328095
0.1227606453269715
0.13740960095608715
0.15965052181545894
0.17038509876020305
0.18026020794303138
0.20155103688872072
0.21193188730560153
0.22127786837650212
0.2314102332159583
0.24997941424891432
0.2612138857082421
0.271875378659626
0.28198727998094136
0.3072568015251592
0.32091181484457637
0.33724462568071073
0.3448570544291077
0.3849597032657089
0.40459883396145807
0.4255593232571594
0.45003076759388405
0.4930480060856895
0.5170458661454401
0.5447973201041699
0.586607211025665
0.6178403864280742
0.6472084583199312
0.678733969695781
0.7405659514382328
0.7793881687111635
0.8104488658892425
0.8468885449786312
0.9227234198488945
0.9620396849169401
1.0074043812754747
1.0759220867305164
1.1146887601684934
1.1601119237217161
1.253393409486923
1.3005501253626492
1.3485136885250721
1.3969683761228753
1.4886595541925647
1.5436713376746438
1.5929094856812682
1.6424341229418646
1.7293602246444697
1.7788965553440037
1.8286521380236183
1.9215068132676019
1.9604021145338928
None
-1.9747991452595224
-1.9302413078295486
-1.8821345126092592
-1.8312271394951296
4.677375575051899e-05
4.677375575051899e-05
4.677375575051899e-05
-3.508031681288924e-05
2.9233597344074367e-05
0.0002455622176902247
0.00020755854114292801
0.0002134052606117429
0.0002134052606117429
0.0002835658942375214
0.0008594677619157865
0.0015756908968456084
