0.5796905418940571
0.6133968796317748
0.6489127770450908
0.6855863249132321
0.7616901488790608
0.7961419433490525
0.8363118294595451
0.8825418402994644
0.9195369577383904
1.0024229762880446
1.0482203298872714
1.1432441380541851
1.1432441380541851
1.243758015802316
1.2946040116628645
1.3454324673650067
1.3958633461432695
1.49551483276975
1.5449956196343304
1.563541413789411
1.6814025082015158
1.7255861672273498
1.7828898647412044
1.8848654223565389
1.9358692796427455
1.98685852013028
None
None
-1.9120667851092923
-1.905845877219843
-1.7700295428044674
-1.7700295428044674
-1.672459513801528
-1.6242884046838852
-1.5207342598681155
-1.4671841702445583
-1.3896333034723272
-1.3139826200309899
-1.1721120091874897
-1.0884864024743397
-0.9229073503792263
-0.8422694165340355
-0.7712961074456676
