0.014722039622475851
0.01830315529712496
0.021615321876208588
0.02597989795967889
0.036369518455762924
0.04247057022147124
0.05191302216360726
0.06529908638745892
0.07471230473225086
0.08518377930089831
0.09632177988899064
0.10831047815979554
0.1343546900336314
0.14876100680479123
0.16432205067104202
0.19380998031200983
0.21405424647278135
0.23274036189511368
0.25227425164042416
0.2917483781341278
0.3180147653477786
0.3427346952619279
0.36817961839021024
0.4179352010698248
0.4491859166306403
0.47460452952131293
0.5050396277162288
0.5625830407283048
0.5974324121221758
0.6343193652509289
0.7115632995131765
0.751645484831637
0.7930197951527054
0.8358908656577905
0.9265500977412339
0.9737155836961635
1.053254355349921
1.1043576068670975
1.2032227097250225
1.2032227097250225
1.3117875201817115
1.3739790751714953
1.429560913801784
1.485376621210825
1.5412654126132264
1.6525343308242424
1.7082067936062975
1.7362535068982026
1.8708859161066025
1.934623928395888
1.9966927022768266
None
None
-1.8963478839243448
-1.8377842336661985
-1.7863594260142717
-1.6897570288306025
-1.6395191049207416
-1.574550375157998
-1.4287244596272681
-1.3410441540218878
-1.249838277497957
-1.0535961131601592
-1.0535961131601592
-0.8846932019154672
-0.7968374947718506
-0.69892543276935
-0.6446503501210825
-0.4249540767621143
-0.33551390905642936
-0.2452844344286809
-0.15474800710901881
0.015221930159944478
0.11655724551702444
0.2062722089659463
0.29535280351824666
0.46029456335776797
