0.0010465627849178623
0.0016692384083466464
0.002221753398149652
0.002832735582640806
0.003332630097224478
0.004601368221957306
0.006162442320130876
0.007407793566988445
0.008696995209862125
0.01175775285178671
0.013494228534024728
0.015575660664922823
0.018402549528094815
0.024752086871227767
0.028511527489675732
0.03265685159306548
0.04180989092149516
0.04693161717617699
0.05265847889588116
0.059142490786796856
0.06662629170687989
0.0818072988076577
0.10272978442681174
0.10272978442681174
0.11058192867343011
0.1304315412700566
0.15536779980455204
0.17051372658851696
0.18885780892192364
0.20650905499827574
0.24453027170397887
0.2646400633169676
0.2854748481440894
0.3235808422820904
0.3235808422820904
0.3639319766961162
0.41167336451872405
0.441757659545511
0.4701727161639513
0.49943554710536975
0.5602765098978573
0.5921294375639607
0.6246518146092435
0.6842211159172638
0.7462197291645767
0.7835217993756156
0.8178186557796837
0.8590497214737661
0.9073991681211308
0.9956086247471407
1.0349395066138585
1.0859842909363466
1.1259992389809157
1.1663123697183941
1.212638851429549
1.2937767008580272
1.3818429128570513
1.4366237509201123
1.4855257125572798
1.5332612536604189
1.6272940428773686
1.6738514700075413
1.7200668640487886
1.7662442544134884
1.8473382534459506
1.8936676585168397
1.9396053333833183
None
None
-1.9769975112054181
-1.8903228410859263
-1.8478201250122883
-1.8008388229956822
-1.750068847753171
