0.020177028886880128
0.024345739868145134
0.03351047263551245
0.04003248820297544
0.04563364545410009
0.05369919496133021
0.06768454793073539
0.07773798205736256
0.08791419729283485
0.0991398986729594
0.12246830935353074
0.13831584247375348
0.15363717084178286
0.16975949977703986
0.20200123428781946
0.22263723065300156
0.24193432825982505
0.25191760175282646
0.30375461656333913
0.32836930552704974
0.35451291163185544
0.3816913870826414
0.4385185769597876
0.4688425874847959
0.5009703109659336
0.5340335095620817
0.6033756024622261
0.6350765154221404
0.6728697100685598
0.7125864754202191
0.7973551376388316
0.8424859652186136
0.936667845782018
0.9791968831981774
1.0353809339337539
1.0796113667153384
1.1369969183017565
1.2285419283847254
1.2816593747589085
1.334966839515828
1.389230242905899
1.4986457510453004
1.5525963549437898
1.6058745861033652
1.703196155021523
1.7471868723048862
1.8023828274502331
