0.8199117813495194
0.8632593594913128
0.9085012747410024
0.9547839060561409
0.9905892160831632
1.0703589331559389
1.1721766293456155
1.224212432618068
1.270354742665955
1.3294679998554078
1.4346855634162001
1.4812196036684977
1.5927457775361413
1.6381514009309577
1.6768040633392929
1.7282376545064573
1.830923588537253
1.8817783544770048
1.932334937723847
1.9824617870897312
None
-1.9627987566851857
-1.8710666755465457
-1.8710666755465457
-1.834436987644855
-1.7148248320035473
-1.658529708306591
-1.605660761323185
-1.5481641370893098
-1.4853762331186382
-1.347139357475601
-1.2751399493885505
-1.2028014316609095
-1.0693120909861362
-1.0693120909861362
-0.9090097018329663
-0.8490457626278999
-0.7937884313655087
-0.7232448560458198
-0.6046120256596652
-0.5383511712319138
-0.4692634286795866
-0.33822093946321036
-0.2585769476680255
