0.015666284816689455
0.019533889745310493
0.02341318811286916
0.03304858179747607
0.03792474583446768
0.044955425995717564
0.05209719382687493
0.05978562992836649
0.06621702134406285
0.09054522105380154
0.10363310258474363
0.11442614672417589
0.1274731012188363
0.15576245336869704
0.17093176703053722
0.18913260473695795
0.20653828859561982
0.24157475501249295
0.2638010590731927
0.2851620486525078
0.30813088608574707
0.3544456743579641
0.38384297984716526
0.41074958284265134
0.4384601097650994
0.4925042611750897
0.526903435169862
0.5588645271461385
0.5755130608335889
0.6590802222013599
0.6970605118707812
0.7362247622326377
0.7769150063758549
0.863317826686001
0.9092555015524795
0.9564356043060811
1.0052995622667014
1.093313153790506
1.1126950288296273
1.2372243067959154
1.2909001148793704
1.3452102920251918
1.4000466739232065
1.5098392954683466
1.5712386199701058
1.618880613561744
1.6736789917832113
1.7855822790565936
1.8357149751419468
1.8934191729394152
None
None
-1.9797396219198462
-1.9318579253402937
-1.8250296184774453
-1.7656678912203236
-1.7088816432163056
-1.5910527365470677
-1.491146943726614
-1.3920479979820475
-1.2878039404492148
-1.205029031196511
-1.098437516410282
-0.9246321321718838
-0.8232441963533329
-0.745269442530364
-0.6454250402482931
-0.5562918252345217
-0.3867574684521787
-0.29484121569839067
-0.21389048244334505
-0.0165403650556877
0.07599271644089815
0.1680639072201283
0.24818148316855126
0.44058820053691417
0.5295898643970082
0.6169573705925336
0.7970947503612639
0.8694771184734639
0.9511206878045431
1.041531410688469
1.1206491978689448
1.26587290145173
1.3510917388038601
1.4163791146943998
1.4989815457678377
1.6330234012880553
1.6417964015588435
1.7538107472355464
1.878629405203503
1.943098240582273
-1.9008702185838826
-1.7815468248706865
-1.7244130503550372
-1.661859483129999
-1.6143248378394284
-1.52278887602518
