0.011240318178796595
0.016367891152947237
0.020241342801037093
0.0242141886800968
0.02858168812330151
0.03339646160587056
0.04438537084750811
1.754015840644462e-05
9.354751150103798e-05
0.00013739790751714952
0.00029818269290955853
0.0004005002836138188
0.0009383984747447872
0.0015084536229542373
0.002128205886648614
0.00289704949679777
0.0051217262546818295
0.0069575961678896995
0.009220276602321055
0.011848377003553342
0.01809852011571644
0.021928121367790182
0.026166992982680968
0.030780054643575902
0.041248605852488934
0.04715379251599196
0.053643651126376465
0.058119314879754254
0.07850974902724613
0.08844040204502819
0.1005109543883965
0.11204945526010264
0.13619055994683926
0.153078809132511
0.16947885724253675
0.19822717687069946
0.21928413703763625
0.23883849030108759
0.2597609759202416
0.3032781089266307
0.3278869511708725
0.3565037196109869
0.4096474762227797
0.4096474762227797
0.4664980529778011
0.4962812419519441
0.5230679871983195
0.6019373094728977
0.6421948963754225
0.6793478752400066
0.7183191838593922
0.7592988406163156
0.7960337790388794
0.888660432223579
0.9803633037322059
0.9803633037322059
1.0218545484426507
1.0702156885289529
1.1435247805886883
1.242816693967837
1.2921980866014473
1.341947822561593
1.4429440546659011
1.494222707767142
1.5464689929404718
1.599516278681029
1.6974429830642093
1.7491893737229554
1.79963486929989
1.883696078462776
1.9252633305263154
1.9932431377902258
None
-1.9982269440499574
-1.9684934599599258
-1.9357606095660524
-1.874779341439215
