0.5750540933552869
0.6099794721022526
0.6415546805935872
0.7165622446590133
0.7559603637996223
0.7969312504773425
0.8396123025996911
0.9296371656207681
0.9764723119257097
1.030545696933044
1.0553124006029437
1.1757402048618582
1.234493888803979
1.2875850249405523
1.3414245411691341
1.4442595665463844
1.5067756144666875
1.5624100735721955
1.6178603610144358
1.7282025741896445
1.8120562248113874
1.8690354293947227
1.9265116051329072
1.9839351603958726
None
-1.9490034257028968
-1.8949329781825717
-1.8416547609432807
-1.7892535513951713
-1.68506503768278
-1.68506503768278
-1.5250929880932889
-1.446062901681931
-1.3596162535621465
-1.2683080594742446
-1.1748102695173588
-0.988788168140799
-0.8983803686158436
-0.809805515165458
-0.6460009419655024
-0.5694206303715125
-0.4809773280748041
-0.31201594965069984
-0.2088915386036091
-0.11675018720908442
-0.02464391612220702
0.14605978424837832
0.2466379496320714
0.33451412028848215
0.4211244765106207
