0.12475437666583737
0.13799427290296865
0.16953732443722488
0.18433537141279532
0.20477842603550653
0.2214678867592386
0.2611934221901013
0.2844429021578436
0.3083092110295459
0.3334968785012004
0.38930673919077274
0.4192273260724329
0.4507089870522666
0.48320797721967407
0.5467033506510036
0.5867036818969005
0.595847951146127
0.6954848209739357
0.7358973459423841
0.7772453460258428
0.8189119923203521
0.8602950727206238
0.9413306045583979
0.9811175305436831
1.0198520470245815
1.0900272974490322
1.1267213088353143
1.158001257993474
1.2106217332128077
1.2434949134262194
1.279244679618288
1.317315593439476
1.39388715496281
1.437296123659026
1.469856504380856
1.4967718774555452
