0.10324429574006745
0.11437352624895655
0.1340448139017842
0.14899779894327825
0.16315855349674788
0.1706832814531126
0.2172699421806295
0.2342458921583335
0.25737259101723076
0.3013399214227186
0.3251214528621231
0.34735652700202607
0.3781950488402901
0.4284183690774099
0.45454735838354354
0.45833895595907
0.5169669354326111
0.5794420563166325
0.6186881607510523
0.654668872362139
0.6915587488506265
0.7629150366077776
0.8067625092641547
0.8464149607016572
0.912588131649704
0.912588131649704
1.0345623932081198
1.075045078810194
1.1277327913034192
1.1686627509448577
1.220941193075266
1.3082239446654689
1.355056167610676
1.401859156958539
1.454538099372561
1.4894927117168708
1.5826894200497799
1.676310015544178
1.7173715263736649
1.7704772793089103
1.8182537474483311
1.8661266864589874
1.9548681945566595
None
None
-1.9699463693683168
-1.9227195051981798
-1.8688127657802087
-1.792445859391073
-1.7437397755818094
-1.5945110702092944
-1.5565074035914188
-1.514203475927782
-1.4724462163916487
-1.4444287440173624
