0.0020638919724916506
0.003367710414037367
0.005060335700259273
0.007840450807680746
0.00975232807398321
0.011468340238080375
0.014058436962765363
0.0193409480028396
0.02315008573677249
0.02648271583399697
0.03161321216788202
0.04245010670333039
0.048635935901336524
0.05474283438651366
0.05846719468814874
0.07164570037085746
0.09019149452593823
0.10198725105427225
0.11318664219678713
0.1384152367047233
0.15227196184581457
0.16323163749010805
0.17876052439928036
0.19549091215929412
0.21308953776042688
0.24424378245000694
0.2856268628502786
0.30773038580213324
0.33064952611988757
0.37950471400130464
0.4064990177888229
0.43837533233280157
0.4602800668227165
0.5193640904148252
0.5529768806410419
0.6242337741672233
0.6563819611665018
0.6986245093286892
0.7371631607073825
0.7764501921780841
0.8166463885261863
0.9008742291939333
0.9503345525403728
0.9891860034106477
1.067970548252928
1.1143525737990365
1.1676483451170183
1.2530192194409189
1.308691682222974
1.3638204000944294
1.4071533614375509
1.555993298955171
1.555993298955171
1.6026179633592352
1.6196962309276435
1.7311639376005992
1.7746313734915033
1.8115037098215843
1.8794572068478852
1.9239390485666288
1.9622993750015232
1.9997768467966264
None
-1.9891060640616673
