-0.00855408196504142
-0.005809159087903129
-0.00303787088963971
-0.0003075954131264894
0.002616025751637667
0.005381454989651058
0.008255274992289974
0.0215814800809795
0.038686714530937326
0.05509473271114178
0.07092271382659342
0.08726628344404756
0.10408442884175399
0.12087034995808528
0.1373955473432903
0.1533992972662428
0.16995378945269796
0.20153651468047587
0.24070073447179052
0.27835334251859783
0.31629011013753155
0.3534388476028364
0.3912584360167696
0.4291248961127029
0.46663395963338455
0.5060530441955754
0.5443530673500109
0.7497682137160055
0.9925430201163061
1.2308972410079602
1.4611953915558253
1.7121961781471657
1.946197191573049
-1.7639874206985258
-1.535787036470947
-1.2963814143813843
-1.0510267552323025
-0.9355423522842712
-0.8157109134111759
-0.6916113693258458
-0.5706076631992532
-0.4490309785647167
-0.3295240326221407
-0.21299306688919145
-0.08753123716762748
0.04141523735735016
0.1775268665913604
