0.2723186134610686
0.29370381837367215
0.3139670323983953
0.333940227890742
0.3542883968390905
0.3758874538008201
0.40048922789068925
0.4258878205745622
0.4500443136854292
0.47531693872392655
0.5004401602760482
0.5250653702069175
0.5505752831355409
0.5750305832191595
0.6007836429981591
0.6307961668789295
0.6682202754759856
0.7043759191789107
0.7389437846540781
0.7782398310510183
0.8125938444770597
0.8495228709329885
0.8835429236247783
0.9197718043308287
0.9260350328381091
0.9688200900639412
1.0183810348189313
1.0698080584135552
1.1285997950424649
1.1705763157537932
1.2249240310330562
1.274833583922923
1.3304966357783174
1.37435095324978
1.3761086413247883
1.5708663389959814
1.797110089050827
-1.9411196337257413
-1.7084786660615974
-1.4707013553440997
-1.2438983370695675
-0.9854967234258254
-0.7810252501624316
-0.5511936312030534
-0.31716991438453485
-0.22002374705044134
0.010222988991222806
0.23905774228116813
0.3765141169930058
0.49803233443285416
0.6083920877664694
0.7217365913889144
0.8412230738133496
