-0.4829482344495885
-0.49795303164991117
-0.511542889949852
-0.5261434188929227
-0.5405037304657422
-0.554916772680812
-0.5694645709816325
-0.5837018443892014
-0.5704518057837622
-0.5542166269309337
-0.5384560238583573
-0.5220216403570277
-0.5058333331861994
-0.49012546075587327
-0.47412171083292076
-0.4578396602980919
-0.44144628951851256
-0.44094827789726015
-0.4090315919352306
-0.37238672505142817
-0.3335623249546152
-0.2951509815554292
-0.257937795527374
-0.22024417475881647
-0.1822283111765074
-0.1438198972574464
-0.1090821219350282
-0.1090821219350282
0.11064353484166076
0.37085753642617075
0.6223621935990136
0.8946485827787071
1.1457343242936728
1.413216366068343
1.674022122638106
1.9337615484423636
-1.7574478649726564
-1.5031009512805373
-1.3791680387000684
-1.1298580738303334
-1.0023206586973403
-0.872731045030793
-0.7414663462364303
-0.6150690413998559
-0.48939088305794576
-0.3607367445064089
-0.23680967864540883
-0.1537774921090344
-0.054473885290948175
0.03481136771732376
0.12459066852071055
0.2136098957931514
0.30002148618250085
0.3940805856370601
0.48364648117983516
0.5697540421568063
0.6605506721477667
