-0.01243857261081023
-0.016651165030580627
-0.02089598173172618
-0.02553041928949862
-0.029696140027268794
-0.034072783334039985
-0.03852559312406155
-0.04286708266933257
-0.04292567227183285
-0.04276748034508209
-0.04260049997795628
-0.04243059013070546
-0.04219916120082934
-0.0420468282343286
-0.041850553065952645
-0.041686502178951854
-0.04149315649070092
-0.04130566976270001
-0.03150069978427753
-0.019035761852342174
-0.006693862085657413
0.005715415723902675
0.01738646454195919
0.030003735440395283
0.041941366949828085
0.05378818457538545
0.06601290513706964
0.07855108007213035
0.10662135863001627
0.14007895113780328
0.1748167264602215
0.20680957890550142
0.23998301184116205
0.2743194483864533
0.3077565345333652
0.34002182863027147
0.37483577043594
0.40024022208006305
0.4450641974729051
0.4980262686530365
0.5521923561645489
0.6042902307078011
0.6551401467177973
0.7083775890296801
0.7648462479194535
0.8143368851514432
0.8670616684414485
0.8670616684414485
1.0333448192975037
1.2313308040664623
1.4198897217931254
1.617846411760834
1.8117106179938975
-1.9490653254838606
-1.7495694104884283
-1.564316104119029
-1.3618705191515796
-1.173708469846445
-1.0494686044938635
-0.9147017207376805
-0.782498623468573
-0.6533182801648428
-0.5153035437437333
-0.38340447588700416
-0.25278291623421106
-0.12461113203885141
0.008647298094377198
0.14067499377942028
0.2205294882844938
0.31724007501816065
0.4008335466235413
0.4921066842512103
0.5756972324968566
0.6655350004949314
0.7500347136179785
0.8397000033917233
0.9239804645346897
1.0099564743236125
