0.3811019284233454
0.3811019284233454
0.3811019284233454
0.3811019284233454
0.38597072439111896
0.3918062488001472
0.3976095489278003
0.40321657388707743
0.40895249597185523
0.414691347536758
0.4205590962271614
0.4261544032659385
0.4319401265128415
0.43626403917736245
0.4560995491038335
0.47857452062294237
0.50287162877981
0.5257743043971709
0.5497286633794118
0.5726196210762727
0.5956189695377591
0.603877174010174
0.603877174010174
0.603877174010174
0.6355214183205773
0.6727990529113829
0.7099331429760626
0.7468533809916164
0.7843126433501728
0.8238782019186144
0.8566942382790232
0.894437660209706
0.9120614126417914
0.9120614126417914
1.0834242820346212
1.29902523079529
1.5221725203579957
1.7222940961380897
1.9489860566520623
-1.8032013681758672
-1.5875071168920833
-1.3776478916381767
-1.1586151635376993
-0.9523867510739268
-0.8363673732944988
-0.7117006974206938
-0.5792374211352239
-0.45570208547863444
-0.3329911372671479
-0.20583375889962763
-0.08540303128097886
0.04511621078110997
0.1623429361308482
0.28764982778648857
0.3760785363925791
0.47612759994293924
0.5680643402303187
0.6602934164911389
0.753016540547074
0.8406033215496552
0.9363258126930923
1.023047279214289
1.1163492284976366
1.2082655052668754
