-0.0519191762556264
-0.04034772976182037
-0.028492123695887963
-0.016718543073455955
-0.005226192543025306
0.006509304837781519
0.2170070992206758
0.49602543372765184
0.7548039900509049
1.0012582234882232
1.265315702996752
1.5238540419497537
1.7914561924095496
-1.9107985465604673
-1.6447874275280625
-1.3909433317102617
-1.2731933249680645
-1.1462055014651398
-1.0165428038052324
-0.8933816581946471
-0.7663119806191591
-0.6353162309203618
-0.5120176874022593
-0.3788820383778759
-0.2564166523840795
-0.1239826096959538
-0.03041755803650938
0.08856318315387329
0.18898643675023757
0.298515955919281
0.4012194301084831
0.5117692018248347
0.6193371466120907
0.7205087803004633
0.8295822553509392
0.9323178864972197
