0.3319569698461074
0.3644624813132648
0.39809584262855263
0.4313337241269636
0.46589280116175597
0.49780362816353546
0.5328050566972049
0.5658261566663648
0.5984664242192729
0.6263521455292829
0.6554506716110489
0.6848890173873163
0.7146583944177105
0.7450107379929825
0.7753835879291295
0.8037175196982668
0.8334956851690359
0.8627026020154274
0.8936467005759522
0.9130427884836712
0.935734541532031
0.9572545025303852
0.979316417351867
1.0016331969442251
1.0232439718264548
1.0456984369846885
1.0663307655051635
1.0884629878496455
1.1106039986345027
1.1380795927270109
1.170368322664917
1.2014442478310676
1.232101257339341
1.2646594994487488
1.2955186430856482
1.3260291785876708
1.3576441280968239
1.3758567060340372
1.3758567060340372
1.415885122462231
1.4679859264856083
1.514617391115584
1.5649722249844529
1.617664783993083
1.6661535390223179
1.7153746640828063
1.76263010797941
1.812607038912152
1.8371531528796459
-1.948214627801148
-1.7276559059193102
-1.5087401122082094
-1.2810659327328238
-1.0660177439503438
-0.8506304454386727
-0.6342842849341159
-0.4218378863152587
-0.20411190001606164
0.015441186117140081
0.12172285262125686
0.2402650898514784
0.353863925770817
0.46697163725477514
0.6038433400197313
0.7096163419300612
0.8262496252537147
0.9349839905749994
1.0484863556231026
1.171971994164207
0.00011424972487555321
0.00011424972487555321
8.495492362541137e-05
-8.788440375042555e-06
-1.4647400625070926e-05
-2.6365321125127665e-05
-2.6365321125127665e-05
-2.6365321125127665e-05
-2.6365321125127665e-05
-2.6365321125127665e-05
-2.6365321125127665e-05
-2.6365321125127665e-05
