0.0399815447461936
0.054040119866136674
0.06802252850282937
0.08250294876077449
0.0963008001495913
0.11084566897028673
0.125150320420731
0.13253553981589175
0.13957508055630086
0.1481145151207172
0.15684143641313444
0.1654863322620513
0.17421618303459357
0.1821667920938821
0.19111635387580042
0.19960891675821654
0.20791985187288178
0.20891294563526158
0.22757080455147694
0.250505704450213
0.27284591988357115
0.2945094254080511
0.3177900039615388
0.3408127882640253
0.3624997296295053
0.38480186182123827
0.38642772329062114
0.38642772329062114
0.691017489808846
1.0354013143452636
1.3931699335728709
1.7585786369665153
-1.831283161784585
-1.4953774348622328
-1.1828878194124843
-0.8217798082198058
-0.47699583778405824
-0.11619185600375799
-0.2835308139207085
-0.535793372122195
-0.7873718641458303
-1.035603109273569
-1.2754063082870108
-1.5150136421982476
-1.7733597120070361
1.951810075492576
1.693221935377449
1.452436245982033
1.2685762143758927
1.1688567109204098
