-0.13990025285017743
-0.1485890909009695
-0.15728378791201159
-0.16609273464792926
-0.1750422964298476
-0.18404751833414118
-0.19265433094143286
-0.1896486843331683
-0.1853247716686474
-0.18113268560975207
-0.17681463190548116
-0.17247314236021014
-0.16790608284531303
-0.1637315736671678
-0.15929927023802135
-0.15495778069275035
-0.15048153506172865
-0.12701346978024003
-0.09878206981547832
-0.06987103046171333
-0.04143163740807562
-0.013815428269566898
0.015031162521447783
0.04375764462733688
0.07011124783196448
0.09889631954035387
0.12751148140149243
0.3182792271424162
0.5404246345023669
0.7601385733585557
0.9778926900111101
1.1952806216480378
1.419210082404122
1.6384465159999337
1.8608848713723858
-1.877095132182484
-1.654346813859575
-1.5363834018567661
-1.4170313939801136
-1.2930458609244253
-1.170220901683297
-1.05227210647916
-0.9343817784697114
-0.8061719905978044
-0.6869690740676068
-0.5675410588378598
-0.44362568641579736
-0.366513303341598
-0.2763510424130038
-0.19050658381212943
-0.08820068654680678
-0.0001198577491107049
0.0864437473464279
0.17729007445287343
0.2649879431253621
0.35262442124342824
0.439074015309325
