0.4472730254871658
0.46356386446236963
0.4788293853938186
0.4953926660206488
0.5110771026099747
0.5262605980979232
0.5418219965219986
0.5581509187388277
0.573287542544776
0.5894201895932291
0.6036926167622982
0.6209179598973816
0.6376335734907126
0.6539068355851664
0.6703910202486212
0.6876368697445797
0.7035087930619065
0.7200691442086117
0.7372066029399447
0.7421369179903435
0.7688420588099729
0.8026394710122615
0.8353441871279199
0.8700057959670877
0.9021304750179933
0.9349406524181522
0.9693561849268189
1.0031770329701075
1.036505728352394
1.0423617591222973
1.2089964475933541
1.413201718667718
1.6259669306673732
1.8181056731068037
-1.9286748913363687
-1.7374111573530278
-1.5248302841863879
-1.322489940169377
-1.119293051750185
-0.9208056958631232
-0.8118199216046796
-0.7002908243773015
-0.5891885376711469
-0.4662904944366582
-0.3535979000349859
-0.24536050586855057
-0.13088758538862416
-0.01985838267582972
0.09506181184346103
0.21591642662359886
