-2.343584100011348e-05
-2.343584100011348e-05
-2.343584100011348e-05
-2.343584100011348e-05
-2.343584100011348e-05
-2.343584100011348e-05
-2.343584100011348e-05
-0.004543623673897001
-0.009881136461672846
-0.015209860809073649
-0.02055909151734955
-0.02592004014612551
-0.03136887317865189
-0.036580418321052126
-0.042122994717578965
-0.047410706343229574
-0.05285660989563094
-0.04976893784386599
-0.04544209569922004
-0.04131152872295004
-0.03700226345905417
-0.03303281788965995
-0.028870026632014795
-0.024516819166243715
-0.020354027908598558
-0.016103352247202975
-0.012069458115058442
0.002973422326889398
0.02221717726810758
0.03969738517406722
0.057912892591405425
0.077030679887248
0.09561530180033799
0.11342654096042423
0.13137546568638614
0.1421881768278135
0.1421881768278135
0.17362149856921572
0.2103396024561435
0.24884468921932995
0.28612232381013547
0.3230835745474394
0.3616003792311259
0.3985616299684299
0.4375295745913686
0.4749566126685498
0.4885113172069905
0.6786990258831613
0.8913910008796913
1.1158067553365278
1.341748768938497
1.5736317682339949
1.7967526924755752
-1.9451831037565677
-1.71759370171348
-1.5006219422257598
-1.2749590342476467
-1.1576855351421578
-1.0371437198536015
-0.9142135196620345
-0.7928560870075786
-0.6722031840491148
-0.5503283167216688
-0.4295321691362191
-0.30574250118273616
-0.1812132232164482
-0.06145194497697873
0.01846394008251737
0.1160398412975688
0.20536894470185685
0.3039855619823573
0.39388764389458925
0.48459364973378316
0.5697014216815869
0.6566509102620672
0.7454450388349587
0.8381827796895659
