-0.26098738433751373
-0.22046681524831754
-0.17858110842086472
-0.1355382569440313
-0.0964853573974672
-0.053656357969759816
-0.011712061539806713
0.028386662411387452
0.07074987449921759
0.25830983950325076
0.4903158769639992
0.706294728660795
0.9384794644091693
1.1613718892009985
1.374784516308282
1.5973576277664847
1.8260650706064672
-1.9135932784665608
-1.684396028569549
-1.5475155557253895
-1.4085273405127223
-1.2718281159720963
-1.1259641586641027
-0.9857685958811253
-0.8472364247870257
-0.7001329629516435
-0.5619866753424857
-0.42313878139707
-0.28296075877249904
-0.1897435869214491
-0.09896449708889496
-0.00736686653070674
0.0891975522162397
0.18262228260843258
0.2782716897585095
0.3689104583238121
0.46724935642954385
0.5545233379405434
0.6510146726941297
0.7408378238935326
0.8356160698427562
0.9384160149031937
1.0359100620456816
