-0.2538628886734792
-0.2611485057443895
-0.2683667447724245
-0.275500028876834
-0.28295555579499515
-0.29006247457827955
-0.2979251992338176
-0.2823491534091172
-0.2640135373066534
-0.24481079508718542
-0.22544400198071665
-0.20781732006850628
-0.18790564365878487
-0.17030532706769966
-0.1512754241756075
-0.14040412343167985
-0.14040412343167985
-0.10766425355452133
-0.06973041541571265
-0.03263147911253301
0.006017152176779136
0.045893235638472224
0.0829599476602767
0.12187809112109016
0.15904733494727014
0.18433460738639257
0.18433460738639257
0.23455175568938574
0.29295680094179355
0.3541360638725898
0.4110763690624905
0.4721384527882862
0.5303267165114429
0.5911104996253622
0.6523044099567836
0.6974359807627522
0.6974359807627522
0.846505506404224
1.029680039661111
1.200673794558189
1.3893352440892275
1.5671429697570884
1.7468929407478337
1.9216745134465552
-1.854889291639925
-1.6691594776338174
-1.4981312397320448
-1.3872686685241116
-1.267448923089954
-1.1483395540712573
-1.0344863858550253
-0.9187330338114283
-0.8061836840367421
-0.6870772383777799
-0.5654654734264305
-0.45605581200649775
-0.3342481819529431
-0.2508067250537516
-0.15093013972772157
-0.051234802705224736
0.04383870257717392
0.14149938122452316
0.24131165263639628
0.33384768166932927
0.4342797053448968
0.5338756481364237
0.6287474415971482
0.7153110466926869
0.8108727530507316
0.9090888700476183
1.0054457302534219
1.1043956105436448
1.2023632419631067
1.3004156508148665
1.3970326900370325
1.491582913926972
1.5900124361844705
