0.6322023173389363
0.6322023173389363
0.6322023173389363
0.6322023173389363
0.635881744375954
0.6403667784473508
0.6448225177174973
0.6491405714217683
0.6535992401720399
0.6583391390143128
0.6624199048284576
0.6648015721700941
0.6648015721700941
0.6648015721700941
0.6747910993963925
0.686066668397572
0.6973978975211269
0.7092945163088096
0.720942129285866
0.7324169029355465
0.7439385482672273
0.7521000798955169
0.7521000798955169
0.7521000798955169
0.771551827925611
0.7945658237877224
0.8190972903545912
0.8432625719058332
0.865722896024317
0.8897944342115586
0.9125418473822937
0.9362882132756587
0.951219773472856
0.951219773472856
0.9855679279386473
1.0264253872422202
1.0687885993300503
1.1088492400396193
1.1496246738996916
1.1929165311871512
1.233328709511722
1.2742447584177952
1.3149352373542422
1.3335843078300824
1.381369987629314
1.4391276177740935
1.4994456135481355
1.5557619394714084
1.614744092308444
1.6759790153616154
1.7286715743702457
1.7897951771786664
1.845891792092563
1.8581926791374976
-1.9063433463252304
-1.691780435258662
-1.445575078426868
-1.23843457772596
-1.0128973742164262
-0.7754270162710414
-0.5546578124883262
-0.32122753769589235
-0.09133160482235714
0.1354977236897847
0.24993848721263262
0.3754850943664944
0.5007335188274467
0.6301886579462112
0.7581031864849429
0.8976263765290067
1.021512515353725
1.1495732118791773
1.2781951934736355
1.4034114609775095
