-0.16363490082304236
-0.1731000511069632
-0.18184161980000552
-0.19159971809642776
-0.20058736311997127
-0.20986795615601622
-0.219119254390811
-0.2284496485889812
-0.22045216784769248
-0.20955743126276472
-0.19886482880646295
-0.1885325524055379
-0.17773448866473562
-0.16710340529105913
-0.15588642589237983
-0.14566839921633035
-0.13480881639290276
-0.12433299546585204
-0.09368184491782862
-0.0610474363251706
-0.026089949993376334
0.007651802086537051
0.04216693691945418
0.07683440471887204
0.11042675331240971
0.1454721240479544
0.1790732610818671
0.2145082526740387
0.2647136830565318
0.3239858544259438
0.37985396989008935
0.4372747098204924
0.4954746914641492
0.5542634986129339
0.6117398986657122
0.6691635680762402
0.7272053577931462
0.7598837085876795
0.9321928000608889
1.150518165337821
1.3571695523165717
1.5712266650513582
1.7842379533815147
-1.9700784352547813
-1.7509316961246622
-1.5335594363533285
-1.3199378471212395
-1.1125810177999855
-1.0008238985133235
-0.8765957265996795
-0.7559311302022782
-0.6337522334624538
-0.5065773149365271
-0.38414116254007485
-0.2643623441421989
-0.1432738605833085
-0.020764624193496024
0.10462996825417657
0.2006740289683985
0.3066136623835896
0.4142049940487209
0.514979050813214
0.6205094138655881
0.7280335082568281
0.8366100121524547
0.9438534640091915
1.0470071355974924
1.1502718948557007
1.239761783045381
1.3324527501442376
1.4286692890827897
1.5189104807242129
1.6163899110680289
1.7139014983689231
1.8032627587302898
1.896202211406571
1.9911821691774687
None
-1.939189709638573
-1.853000317108202
-1.7764667792577415
-1.6900785983173692
-1.6106333949321856
-1.5285571684734567
-1.4439025394026535
-1.3631652113524622
-1.2830534821219803
-1.198851973691621
-1.1402737066386217
-1.0749687905942584
-1.005948285298255
-0.9381117403853472
-0.8697022171142005
-0.8053883197608726
-0.7358211463373661
-0.6716826505222745
-0.6028755504311254
-0.5314140403946662
