-0.13458031694315167
-0.12867155553099804
-0.12295906928722039
-0.09836901311785132
-0.06765927296732761
-0.03764674908655729
-0.007815852973537846
0.02113326962185233
0.051198524144872914
0.08136045151201897
0.11097163661566234
0.1408259685696819
0.1724614244397101
0.3488893649686894
0.5746351034022825
0.7856689926480543
1.0048058239196154
1.2288466049204503
1.4362684451720797
1.6592956260496596
1.8680122965165453
-1.863326107833425
-1.6495641973340844
-1.532644424756459
-1.4112986855409406
-1.2868863419640288
-1.1632866923932825
-1.0326797495391615
-0.9141492057478775
-0.7884155035710136
-0.6624303924569908
-0.543405800870592
-0.4185929570100665
-0.3232505026321023
-0.23367876036985846
-0.1368424691676121
-0.036772942099111146
0.06360938446097142
0.16079647883134665
0.26959223470705385
0.363779961989927
0.4601514389944026
0.5573677669621219
