-0.046001626403097746
0.004736969362147937
0.05235859827437853
0.1030737581986241
0.14942399273659854
0.1995561861159663
0.24871286261370432
0.2993430676143245
0.34702035664893033
0.39548860531729
0.5482580643566548
0.7222486774216222
0.8969863079184683
1.0741817722402014
1.2476421494025414
1.4223416966577622
1.598456182813365
1.7735277740444628
1.9457519105940466
-1.842289611184629
-1.7299653601094922
-1.6141915445477544
-1.4969238921617345
-1.3752624300949001
-1.2614209553176057
-1.1460330232408098
-1.02324022095676
-0.910737644937824
-0.7930987258655344
-0.672606607692463
-0.5864347328013351
-0.4904637560804733
-0.3950979148246339
-0.2991737118595227
-0.20646812796199404
-0.11268967104193787
-0.013850878421622435
0.07684051061889947
0.17249576448844522
0.26528027909880286
0.3535803598765795
0.44827382839350516
0.5424586323166439
0.6357693516791949
0.730465743555855
0.8253141501387043
0.9237378256767339
1.019682492159986
1.1159721150918982
1.20676289836339
