-0.10022923299723532
-0.08447155940478403
-0.07236694752822541
-0.07236694752822541
-0.07236694752822541
-0.04668712475235107
-0.015403206497324585
0.015165918607198436
0.050410493991244094
0.07855400955225537
0.11052635563666019
0.14050372575593034
0.17122225434682908
0.2015218672798508
0.2015218672798508
0.24848729264407823
0.29912335660494843
0.35625407800297504
0.4090696751768558
0.4637132679487454
0.5170854663463789
0.5708502150807642
0.6249606424699011
0.6794226074740399
0.7056180187519168
0.8835487825850283
1.093322995377044
1.3060589125754491
1.5120394486055715
1.729152009110748
1.9355368133981223
-1.8192272262398888
-1.6083009746829233
-1.393112464633192
-1.174383765945093
-1.0513424780836185
-0.922074433987856
-0.7789818217080808
-0.6451387196279708
-0.5079308304935577
-0.3708427991082554
-0.23653195947064012
-0.10315659494803522
0.03672616834336063
0.17735146500729596
0.26173716710070105
0.35804725355075406
0.44735881679663564
0.551363186067649
0.6503042962786687
0.7425216791005513
0.8323974507751736
0.9248925527718248
1.0188347178370079
1.1096956617421254
