-0.08898002931718085
-0.08986473231493514
-0.09081974283568976
-0.09168686895269397
-0.09261258467219845
-0.09350314663020276
-0.09439663806833208
-0.09530477690708648
-0.08127549658839354
-0.06424056966143607
-0.046203760531723724
-0.029754729629769078
-0.01285162930843723
0.004646155478272498
0.021338333230603326
0.039008957344688885
0.05582710274239532
0.07270676722272706
0.10653054474614083
0.14597306514933184
0.18399771717201596
0.22435423537421137
0.2634540066027757
0.3030635073730925
0.34023568067939747
0.3802230843858411
0.420061084605909
0.4298279713427063
0.48198150600833384
0.5398885396394892
0.6030803554161702
0.6642332530258414
0.7252338176690117
0.7863310551563075
0.8462916543550979
0.9073185843193934
0.9718403840728308
0.9942626249496894
1.1520942256450786
1.3378759962132283
1.528201390455275
1.7138103216960485
1.9066872931269825
-1.8717687707463937
-1.6822590526036971
-1.4952663471923255
-1.2995532596932164
-1.111291816157112
-1.0117543405602731
-0.8970592447405317
-0.7919118418133649
-0.6832710240035814
-0.5712011052253378
-0.4635396129265808
-0.3493882620174392
-0.23898173492807356
-0.13477857719512046
-0.021551007962051623
0.06604161975999841
0.16400340445999162
0.26107941116045935
0.3605642662820788
0.4589733250214364
0.5594667392514264
0.6572969727633713
0.7567116672513651
0.8558515659243244
0.951118012949194
1.0349775102904057
1.1302498040347442
1.2224876503747675
1.3158860705293507
1.4095212828224208
