1.2686640987796431
1.3239404592585358
1.374585311659781
1.405564563981806
1.5357887439790616
1.6947862777642064
1.8525973720987206
-1.9435314055066275
-1.788160682342341
-1.6314218268223517
-1.4718970094754724
-1.3131264189400702
-1.1537214593423013
-0.9879961959987438
-0.8865673066537434
-0.7741056576710893
-0.6625210166087574
-0.548097793244316
-0.43954467622656457
-0.3296497370907202
-0.2131363115161774
-0.10489891734974205
0.008492360028453603
0.11948355906470076
0.1970519862574677
0.2748513588692528
0.35867285253391723
0.43551920987228554
0.5150170544897613
0.5953422099120745
0.6774798483697203
0.7572671056009024
0.8391767219992644
0.9164908168951379
1.000531562539883
1.0987038291407534
1.1927950855523912
1.294931427953118
1.389964006199235
1.4801204204083604
1.5762171015978017
1.6690454666041756
1.7668903169147925
1.8604846021715808
