0.0658371363295688
0.11845059937482356
0.17058948663982604
0.2226668548222032
0.2734083800675739
0.45347473491182083
0.6784441611122851
0.8890298398989298
1.105685401504604
1.322950294976281
1.5479988171401207
1.7615169055319047
1.974961756920563
-1.766700298532056
-1.548974312232859
-1.4147073229912597
-1.2782156569917764
-1.1510728954229283
-1.0139380902818753
-0.8808667551716488
-0.7434688476544993
-0.6043900082900655
-0.47559262511154266
-0.335230430823704
-0.20597408016687918
-0.11703086024753291
-0.020638919724916504
0.06987999109127536
0.16808149128949
0.256147703288514
0.3526419614018347
0.4459702209227921
0.5424206286400967
0.634047492795629
0.7283726179860194
0.8181957691854223
0.9120414633793698
1.0099301640860028
1.1098622932469866
1.2084555236496117
1.3048562342514314
1.4036102494394491
1.5072755089812713
1.6053308411927654
1.7005212808645405
1.7766981888237294
1.8674246581810643
1.95076964420902
None
-1.9741092325424594
-1.8904631623165153
-1.8073871470898393
-1.7198442393560776
-1.6310150536752492
-1.5504560505222649
-1.4818594322769993
-1.4123916530584935
-1.3381997257434883
-1.2658465912209944
-1.1979457324107332
-1.1237859620444048
-1.0533213174169223
-0.9823626251234074
