5.926249603195190430e+05
5.926247968978881836e+05
5.926246476745605469e+05
5.926243219833374023e+05
5.926241724166870117e+05
5.926239724273681641e+05
5.926237833328247070e+05
5.926235901412963867e+05
5.926234375534057617e+05
5.926229102859497070e+05
5.926226512756347656e+05
5.926224482040405273e+05
5.926222142791748047e+05
5.926217396392822266e+05
5.926214999694824219e+05
5.926212235107421875e+05
5.926209694137573242e+05
5.926204826889038086e+05
5.926201883239746094e+05
5.926199141693115234e+05
5.926196280364990234e+05
5.926190741043090820e+05
5.926187354583740234e+05
5.926184336853027344e+05
5.926181301040649414e+05
5.926175560226440430e+05
5.926172014923095703e+05
5.926168784103393555e+05
5.926167126312255859e+05
5.926158988647460938e+05
5.926155373764038086e+05
5.926151699066162109e+05
5.926147929534912109e+05
5.926140046310424805e+05
5.926135919876098633e+05
5.926131717529296875e+05
5.926127398376464844e+05
5.926119679336547852e+05
5.926117985076904297e+05
5.926107155151367188e+05
5.926102494201660156e+05
5.926097772445678711e+05
5.926093002090454102e+05
5.926083384552001953e+05
5.926077954025268555e+05
5.926073713302612305e+05
5.926068793869018555e+05
5.926058592910766602e+05
5.926053946456909180e+05
5.926048531417846680e+05
5.926038192672729492e+05
5.926031958389282227e+05
5.926026404190063477e+05
5.926021531219482422e+05
5.926010350189208984e+05
5.926004034652709961e+05
5.925998407669067383e+05
5.925988570404052734e+05
5.925981562728881836e+05
5.925975269546508789e+05
5.925968997116088867e+05
5.925964124603271484e+05
5.925957847518920898e+05
5.925947323989868164e+05
5.925940969009399414e+05
5.925936007156372070e+05
5.925929613265991211e+05
5.925923922653198242e+05
5.925913244934082031e+05
5.925907549591064453e+05
5.925902564392089844e+05
5.925890436553955078e+05
5.925884711151123047e+05
5.925878972015380859e+05
5.925873940277099609e+05
5.925861679534912109e+05
5.925855903015136719e+05
5.925850157775878906e+05
5.925838020019531250e+05
5.925833020019531250e+05
5.925827288055419922e+05
5.925820816345214844e+05
5.925815042114257812e+05
5.925804162597656250e+05
5.925797607421875000e+05
5.925792494506835938e+05
5.925785902099609375e+05
5.925774866790771484e+05
5.925774128723144531e+05
5.925764512023925781e+05
5.925753349914550781e+05
5.925747369995117188e+05
5.925741399230957031e+05
5.925729528808593750e+05
5.925723619079589844e+05
5.925716976165771484e+05
5.925711795043945312e+05
5.925701401062011719e+05
