1.942805880076642566e+01
4.627520520929737557e+01
3.485291152121389047e+01
2.099759530914555228e+01
4.253894972694388343e+01
4.101003198359060065e+01
4.434398871521916874e+01
3.100755973929970111e+01
3.275100699876748678e+01
3.002678398319769570e+01
2.529866818351177216e+01
4.072757294117793947e+01
5.683537237829297339e+01
2.041661750827972810e+01
1.569999999999999929e+01
1.569999999999999929e+01
2.030652493546239867e+01
2.680243370563333016e+01
5.867885993723474769e+01
6.267712892826963866e+01
4.344019641347428973e+01
1.845851000621916427e+01
1.840516476110396482e+01
1.695134432012851278e+01
5.414823470694535956e+01
3.926823440482714034e+01
2.536174715897352883e+01
3.066319307637141378e+01
3.184462335770869856e+01
3.536287989555460598e+01
4.259512354551993241e+01
4.727364522030934069e+01
4.938076605146721931e+01
3.470821877765232699e+01
3.650626367463694066e+01
4.004011728206533149e+01
2.634106139770476673e+01
2.990245670758855212e+01
2.492892204362879127e+01
1.897984846441631035e+01
3.923824654055840000e+01
4.669035144038540608e+01
4.623969913675569643e+01
4.422492473821515091e+01
4.582031076576184603e+01
5.284701832975596147e+01
4.951025398302867586e+01
4.223681988257004605e+01
2.480032697528787011e+01
1.653722924025437635e+01
1.570000000000000107e+01
1.569999999999999929e+01
2.152902820076135981e+01
2.956871954409537295e+01
3.101108495851575952e+01
3.078096592408840237e+01
2.246378965893482871e+01
1.569999999999999929e+01
1.757582228887474329e+01
1.690767890903239490e+01
1.643898900215499737e+01
1.782351843979123274e+01
1.710313509622682915e+01
1.689869787900836684e+01
1.624192596680776290e+01
1.616129179307647945e+01
1.624235162962127177e+01
1.570000000000000107e+01
1.673488162944963520e+01
1.693035827490704293e+01
2.854545454545454497e+00
0.000000000000000000e+00
0.000000000000000000e+00
