-3.421463433441335411e+00
-3.315781642079937086e+00
-3.359271094700778892e+00
-3.256897976386224691e+00
-2.940895909658557184e+00
-2.823574036503646578e+00
-2.746612116075002330e+00
-2.636789093300511144e+00
-3.222066000200831670e+00
-3.288506291432713446e+00
-2.834663910801239695e+00
-4.059066580662952006e+00
-4.028454485712803290e+00
-3.959645312772675840e+00
-3.895170652876744466e+00
-3.884246796515532285e+00
-3.673842153346033701e+00
-3.541811475460906689e+00
-3.384952886861421817e+00
-3.286623638659373903e+00
-3.153374889474830578e+00
-3.029489724165133957e+00
-2.940422220256102115e+00
-2.855610521738884522e+00
-2.777786236175022960e+00
-2.647894031418678740e+00
-2.559592206557444349e+00
-2.506790002173228338e+00
-2.393892571656063062e+00
-2.313329744466095406e+00
-2.183464656379780600e+00
-2.144451675599841955e+00
-2.064955494503147193e+00
-1.975761066231582097e+00
-1.894194130005336429e+00
-1.836833891172725997e+00
-1.779120362210188100e+00
-1.654873261036894361e+00
-1.571185485497953671e+00
-1.478791514180819222e+00
-1.366940496248960191e+00
-1.283087489399106884e+00
-1.197262939139006610e+00
-1.152054891261360625e+00
-1.096319317714029129e+00
-9.932975885029962093e-01
-9.094754694624243019e-01
-8.663470032284850131e-01
-7.849566179672321509e-01
-6.720071266687247524e-01
-5.792065636631211767e-01
-5.024845987519153123e-01
-4.127921839524930081e-01
-3.362363224380063853e-01
-2.320879962560935539e-01
-1.967353312558960954e-01
-1.298251522290503612e-01
-4.263319014771579929e-02
1.381765674239204475e-02
2.701344309985586820e-02
1.990671266233573766e-01
1.969908942958983888e-01
2.749717901484833860e-01
3.276441754329806888e-01
2.669878118538606127e-01
2.481331598983647913e-01
4.888703375096349335e-01
1.720439433710978516e-01
2.469203488536879931e-01
3.069159889353959003e-01
7.415682666762761777e-01
2.646951653952558825e+00
5.411057886489222035e+00
9.812562172384556192e+00
1.370009926850061710e+01
1.545527527591245232e+01
1.719545225006670464e+01
