4.134144474334716797e+06
4.134144474334716797e+06
4.134144474334716797e+06
4.134144474334716797e+06
4.134144474334716797e+06
4.134144474334716797e+06
4.134144474334716797e+06
4.134144559417724609e+06
4.134144660400390625e+06
4.134144760314941406e+06
4.134144860595703125e+06
4.134144961547851562e+06
4.134145064331054688e+06
4.134145162048339844e+06
4.134145266601562500e+06
4.134145365936279297e+06
4.134145468566894531e+06
4.134145675415039062e+06
4.134145931488037109e+06
4.134146175598144531e+06
4.134146427673339844e+06
4.134146663024902344e+06
4.134146910614013672e+06
4.134147166717529297e+06
4.134147412506103516e+06
4.134147663757324219e+06
4.134147903106689453e+06
4.134148194946289062e+06
4.134148550720214844e+06
4.134148872680664062e+06
4.134149209228515625e+06
4.134149561737060547e+06
4.134149904632568359e+06
4.134150234008789062e+06
4.134150564971923828e+06
4.134150764343261719e+06
4.134150764343261719e+06
4.134151156494140625e+06
4.134151614013671875e+06
4.134152094299316406e+06
4.134152559448242188e+06
4.134153020263671875e+06
4.134153500183105469e+06
4.134153961883544922e+06
4.134154447601318359e+06
4.134154914337158203e+06
4.134155083007812500e+06
4.134155547607421875e+06
4.134156067260742188e+06
4.134156615539550781e+06
4.134157167541503906e+06
4.134157734008789062e+06
4.134158279113769531e+06
4.134158812042236328e+06
4.134159368041992188e+06
4.134159898132324219e+06
4.134160449432373047e+06
4.134160898101806641e+06
4.134161387786865234e+06
4.134161887207031250e+06
4.134162380187988281e+06
4.134162870269775391e+06
4.134163365386962891e+06
4.134163856170654297e+06
4.134164359100341797e+06
4.134164864807128906e+06
4.134165351379394531e+06
4.134165769378662109e+06
4.134166290344238281e+06
4.134166767272949219e+06
4.134167293823242188e+06
4.134167773803710938e+06
4.134168258300781250e+06
4.134168712707519531e+06
4.134169176940917969e+06
4.134169651062011719e+06
4.134170146331787109e+06
