1.695365775629755497e+09
1.695365775709697723e+09
1.695365775871672392e+09
1.695365776003932476e+09
1.695365776084141493e+09
1.695365776242148399e+09
1.695365776321751118e+09
1.695365776411436796e+09
1.695365776566946268e+09
1.695365776648547411e+09
1.695365776718684196e+09
1.695365776799925327e+09
1.695365776883389711e+09
1.695365777118582249e+09
1.695365777210189819e+09
1.695365777279720783e+09
1.695365777449229479e+09
1.695365777519211769e+09
1.695365777602145433e+09
1.695365777678847075e+09
1.695365777842735529e+09
1.695365777927348852e+09
1.695365778000670671e+09
1.695365778240176439e+09
1.695365778318932533e+09
1.695365778399085999e+09
1.695365778496928930e+09
1.695365778557866812e+09
1.695365778724336624e+09
1.695365778798841000e+09
1.695365778959872007e+09
1.695365779041171789e+09
1.695365779119712353e+09
1.695365779350105047e+09
1.695365779423373222e+09
1.695365779503290176e+09
1.695365779663879395e+09
1.695365779743225336e+09
1.695365779822066784e+09
1.695365779984281540e+09
1.695365780070039988e+09
1.695365780143603086e+09
1.695365780316627264e+09
