5.926071115722656250e+05
5.926065749053955078e+05
5.926060708770751953e+05
5.926055342712402344e+05
5.926050432891845703e+05
5.926045127410888672e+05
5.926039925994873047e+05
5.926034563827514648e+05
5.926029521484375000e+05
5.926024388351440430e+05
5.926021380767822266e+05
5.926018452301025391e+05
5.926015511627197266e+05
5.926012528610229492e+05
5.926009609069824219e+05
5.926006669158935547e+05
5.926003704986572266e+05
5.926000757980346680e+05
5.925997859497070312e+05
5.925994963836669922e+05
5.925991845092773438e+05
5.925988456878662109e+05
5.925985025405883789e+05
5.925981465225219727e+05
5.925978133697509766e+05
5.925974756164550781e+05
5.925971163177490234e+05
5.925967870712280273e+05
5.925964428024291992e+05
5.925960903625488281e+05
5.925957672424316406e+05
5.925953990478515625e+05
5.925950330734252930e+05
5.925946651306152344e+05
5.925943095550537109e+05
5.925939497833251953e+05
5.925935706329345703e+05
5.925932225570678711e+05
5.925928556594848633e+05
5.925924996871948242e+05
5.925921636123657227e+05
5.925918034057617188e+05
5.925914450836181641e+05
5.925910901947021484e+05
5.925907300262451172e+05
5.925903692474365234e+05
5.925899948577880859e+05
5.925896298217773438e+05
5.925892636871337891e+05
5.925889182434082031e+05
