1.695365200180306673e+09
1.695365200253150225e+09
1.695365200416872978e+09
1.695365200488717318e+09
1.695365200568257809e+09
1.695365200648597002e+09
1.695365200807908773e+09
1.695365200994381428e+09
1.695365201048465014e+09
1.695365201132799149e+09
1.695365201291334629e+09
1.695365201366949797e+09
1.695365201447805643e+09
1.695365201530375719e+09
1.695365201689287424e+09
1.695365201775308132e+09
1.695365201849612951e+09
1.695365202007640123e+09
1.695365202166100264e+09
1.695365202247908354e+09
1.695365202326865435e+09
1.695365202409736156e+09
1.695365202565862417e+09
1.695365202650748730e+09
1.695365202739009857e+09
1.695365202815781832e+09
1.695365202969539404e+09
1.695365203205691576e+09
1.695365203287030220e+09
1.695365203382627726e+09
1.695365203527932167e+09
1.695365203605085135e+09
1.695365203769991875e+09
1.695365203847710133e+09
1.695365203924296618e+09
1.695365204005025387e+09
1.695365204096411705e+09
1.695365204323794603e+09
1.695365204415381908e+09
1.695365204498381615e+09
1.695365204579861164e+09
1.695365204723127842e+09
1.695365204804286718e+09
1.695365204883646011e+09
1.695365205043051720e+09
1.695365205127657175e+09
1.695365205212631226e+09
