1.695365723295468569e+09
1.695365723375040531e+09
1.695365723532914400e+09
1.695365723614654303e+09
1.695365723690154076e+09
1.695365723867131472e+09
1.695365724043353558e+09
1.695365724114851952e+09
1.695365724185584307e+09
1.695365724350645065e+09
1.695365724430760860e+09
1.695365724507830858e+09
1.695365724585850477e+09
1.695365724778473616e+09
1.695365724837869883e+09
1.695365724990105629e+09
1.695365725067668676e+09
1.695365725230963469e+09
1.695365725328093767e+09
1.695365725387027025e+09
1.695365725469881296e+09
1.695365725631480217e+09
1.695365725707659721e+09
1.695365725790760994e+09
1.695365725969748974e+09
1.695365726072078705e+09
1.695365726242742538e+09
1.695365726312802792e+09
1.695365726412986517e+09
1.695365726476252556e+09
1.695365726557368040e+09
1.695365726716980457e+09
1.695365726792412519e+09
1.695365726896096230e+09
1.695365726962427139e+09
1.695365727199908972e+09
1.695365727298410654e+09
1.695365727433231831e+09
1.695365727516096354e+09
1.695365727608018160e+09
1.695365727680797338e+09
1.695365727759244442e+09
1.695365727913895369e+09
1.695365727994314194e+09
1.695365728079901457e+09
1.695365728313627243e+09
1.695365728398741484e+09
1.695365728472675562e+09
1.695365728632086039e+09
1.695365728711823463e+09
1.695365728874220371e+09
1.695365728952619791e+09
1.695365729034857273e+09
1.695365729115689278e+09
1.695365729211719990e+09
