5.926228006591796875e+05
5.926225780639648438e+05
5.926220809478759766e+05
5.926218609313964844e+05
5.926215692214965820e+05
5.926213388442993164e+05
5.926208140258789062e+05
5.926205205993652344e+05
5.926202264633178711e+05
5.926199243087768555e+05
5.926192816772460938e+05
5.926189517440795898e+05
5.926186133728027344e+05
5.926182722854614258e+05
5.926176247406005859e+05
5.926172279739379883e+05
5.926171387634277344e+05
5.926161913452148438e+05
5.926158161315917969e+05
5.926154381179809570e+05
5.926150606613159180e+05
5.926146880645751953e+05
5.926139627609252930e+05
5.926136094512939453e+05
5.926132665939331055e+05
5.926126518478393555e+05
5.926123328704833984e+05
5.926120613861083984e+05
5.926115097808837891e+05
5.926112279510498047e+05
5.926109559097290039e+05
5.926106941299438477e+05
5.926102606964111328e+05
5.926100398025512695e+05
5.926098630065917969e+05
5.926096996917724609e+05
