5.926172368621826172e+05
5.926170342712402344e+05
5.926168444824218750e+05
5.926166389312744141e+05
5.926164437713623047e+05
5.926162546615600586e+05
5.926160612716674805e+05
5.926158582611083984e+05
5.926156703262329102e+05
5.926154696502685547e+05
5.926152093200683594e+05
5.926148879089355469e+05
5.926145769729614258e+05
5.926142729949951172e+05
5.926139660034179688e+05
5.926136443328857422e+05
5.926133486251831055e+05
5.926130395736694336e+05
5.926127202377319336e+05
5.926126287612915039e+05
5.926123118057250977e+05
5.926119104995727539e+05
5.926115216979980469e+05
5.926111103363037109e+05
5.926107290649414062e+05
5.926103394546508789e+05
5.926099307403564453e+05
5.926095290832519531e+05
5.926091338043212891e+05
5.926090638885498047e+05
5.926088440246582031e+05
5.926085746002197266e+05
5.926082939300537109e+05
5.926080403900146484e+05
5.926077589569091797e+05
5.926075065765380859e+05
5.926072261505126953e+05
5.926069591369628906e+05
5.926066910324096680e+05
5.926064291458129883e+05
5.926061189880371094e+05
5.926057770538330078e+05
5.926054366760253906e+05
5.926050600891113281e+05
5.926047147293090820e+05
5.926043829803466797e+05
5.926040322113037109e+05
5.926036919479370117e+05
5.926033397827148438e+05
5.926029694061279297e+05
