1.695365163590371609e+09
1.695365163671950579e+09
1.695365163758115292e+09
1.695365163828365803e+09
1.695365163988736153e+09
1.695365164066908360e+09
1.695365164161563158e+09
1.695365164303631067e+09
1.695365164471116066e+09
1.695365164542395115e+09
1.695365164704175711e+09
1.695365164780611277e+09
1.695365164866613388e+09
1.695365164943283796e+09
1.695365165103364706e+09
1.695365165176762819e+09
1.695365165258183241e+09
1.695365165340727806e+09
1.695365165539107561e+09
1.695365165618228912e+09
1.695365165785005331e+09
1.695365165858126402e+09
1.695365165945018768e+09
1.695365166094638348e+09
1.695365166197032928e+09
1.695365166253930807e+09
1.695365166418458462e+09
1.695365166494555473e+09
1.695365166651555300e+09
1.695365166731018305e+09
1.695365166892068863e+09
1.695365166970317125e+09
1.695365167048180819e+09
1.695365167129212618e+09
1.695365167286707640e+09
1.695365167372428179e+09
1.695365167445506334e+09
1.695365167525119066e+09
1.695365167762480497e+09
1.695365167844461918e+09
1.695365167936466694e+09
1.695365168080686808e+09
1.695365168160356045e+09
1.695365168244531155e+09
1.695365168322120667e+09
1.695365168479771137e+09
1.695365168561417818e+09
1.695365168638198376e+09
1.695365168800344229e+09
1.695365168986633301e+09
