-3.344092886669662867e+00
-3.227414976254144641e+00
-3.118533132460400203e+00
-3.002459971221368651e+00
-2.891825075063204409e+00
-2.753440154886099389e+00
-2.569743459105243932e+00
-2.472361018189723758e+00
-2.365623499919382589e+00
-2.227142943738879666e+00
-2.150769901720724686e+00
-2.018849845921596220e+00
-2.030012465090691887e+00
-2.055116173172015337e+00
-2.020964368098134845e+00
-1.812337980561659734e+00
-1.660990239597272877e+00
-1.603537972123927124e+00
-1.519675529882845488e+00
-1.594671498632062256e+00
-1.435053037052756997e+00
-1.477420767297166204e+00
-1.299511973899665662e+00
-1.142851779105113152e+00
-1.147959375080706668e+00
-1.065336979730061362e+00
-9.746065907476028078e-01
-8.481191415330262551e-01
-7.939937192869240823e-01
-6.654150139492643889e-01
-5.409917661777678966e-01
-4.143391235980703469e-01
-3.797067925958241275e-01
-4.782431607505953086e-01
-4.236221064868379571e-01
-2.951640560917258571e-01
-1.684451115921695719e-01
5.328246808397521517e-02
1.149797411532390984e-01
5.743632704154236213e-02
8.907536861850905152e-02
1.740947495891667640e-01
2.686990083294988896e-01
3.463258385239968984e-01
4.087233934006017089e-01
4.696293887905662601e-01
5.247457675017812573e-01
5.938932416348340348e-01
6.369272934705941802e-01
4.335940128027265805e-01
3.443900797602765240e-01
3.848582569870699355e-01
5.099990505692502119e-01
5.662501063350308117e-01
-2.705237515332420961e-01
-5.774156783063506992e+00
-6.294812719754378172e+00
-4.943727541043297258e+00
-2.343367208735474438e+00
-3.882440940248350625e-01
8.285672218415026657e-01
1.305761712445313805e+00
1.089804112285492455e+00
3.981335827704484132e-01
-9.468625193837303111e-02
-5.744511434289457652e-01
-6.124730626109969878e-01
-4.736680393696707236e-01
-1.791748587109190938e-01
2.291634289012388359e-01
2.777792672443168964e-01
4.010962112417579273e-01
4.907996209274876342e-01
5.504723271837818066e-01
5.987453541265141954e-01
5.828071748048425649e-01
6.042718068279285815e-01
