1.779118051771283504e+01
5.022870566185777363e+01
4.044450070613563497e+01
1.783659931055306203e+01
2.077823866226075467e+01
4.095505054174557102e+01
3.964128465763408116e+01
3.011718254533289496e+01
9.083986867776295071e+01
7.251144567932499285e+01
8.047050217815770168e+01
1.615086788695613151e+01
1.802828211438781381e+01
2.245434773100078019e+01
4.980908222499969185e+01
6.894893914812624303e+01
6.465531002890513435e+01
4.137620128544652687e+01
1.735208444035445297e+01
2.181767688324590182e+01
3.409975162003350135e+01
2.201923860878837047e+01
1.832055430599057999e+01
2.066582676731291102e+01
2.554391180686051044e+01
4.875846804982840155e+01
4.640734822685232785e+01
4.627409517060035427e+01
3.352818144061160410e+01
2.726668389736657971e+01
2.794073305057845502e+01
4.410600985847856492e+01
6.413819101628142505e+01
4.540251841984294146e+01
1.937746235029018038e+01
1.865236082668185702e+01
1.787827219740684015e+01
4.057564720813030590e+01
3.567757415255540820e+01
2.035873749244544584e+01
1.639292214642196654e+01
1.630084530729432046e+01
2.517652203676612999e+01
2.036798461071879984e+01
2.572398111677464527e+01
3.418304892569533848e+01
5.276196230461587788e+01
3.988035883700548112e+01
4.145817437562274677e+01
5.140846122380576588e+01
5.168160517727299208e+01
3.396582604216355605e+01
3.553822341934751705e+01
3.653779038186875994e+01
3.803796946770673770e+01
1.569999999999999929e+01
1.841551211242079233e+01
2.997489091297488528e+01
1.663139848827173140e+01
8.338814908219683630e+00
2.808045975439066666e+01
2.173343064741198560e+01
4.057228394437045438e+01
3.373998479233672754e+01
1.889239658006789213e+01
9.419999999999999929e+00
8.722222222222221433e+00
0.000000000000000000e+00
0.000000000000000000e+00
0.000000000000000000e+00
0.000000000000000000e+00
1.569999999999999840e+00
0.000000000000000000e+00
0.000000000000000000e+00
0.000000000000000000e+00
0.000000000000000000e+00
0.000000000000000000e+00
