3.061161136294647633e+01
4.523513924289724031e+01
5.347106335455263348e+01
2.844420074941073295e+01
3.045760357382805594e+01
5.682081635195876146e+01
2.391474169274426131e+01
2.024492814444720068e+01
6.081233361520063596e+01
5.281150478453610475e+01
2.757358561436960898e+01
2.901352190027471067e+01
2.322317406279627150e+01
2.421262678359813947e+01
3.251200176002078734e+01
2.905028142819100978e+01
2.371550961288553339e+01
4.683013256856475692e+01
1.177500000000000036e+01
2.616666666666666696e+00
0.000000000000000000e+00
0.000000000000000000e+00
0.000000000000000000e+00
0.000000000000000000e+00
0.000000000000000000e+00
0.000000000000000000e+00
0.000000000000000000e+00
0.000000000000000000e+00
0.000000000000000000e+00
0.000000000000000000e+00
0.000000000000000000e+00
0.000000000000000000e+00
0.000000000000000000e+00
0.000000000000000000e+00
0.000000000000000000e+00
0.000000000000000000e+00
