4.134142181701660156e+06
4.134142282440185547e+06
4.134142384918212891e+06
4.134142495513916016e+06
4.134142596069335938e+06
4.134142700317382812e+06
4.134142807373046875e+06
4.134142911407470703e+06
4.134143088409423828e+06
4.134143274505615234e+06
4.134143474212646484e+06
4.134143671447753906e+06
4.134143876770019531e+06
4.134144066467285156e+06
4.134144267272949219e+06
4.134144455871582031e+06
4.134144660186767578e+06
4.134144855621337891e+06
4.134145114685058594e+06
4.134145429077148438e+06
4.134145741729736328e+06
4.134146053833007812e+06
4.134146349578857422e+06
4.134146667175292969e+06
4.134146969055175781e+06
4.134147268371582031e+06
4.134147576751708984e+06
4.134147893798828125e+06
4.134148286895751953e+06
4.134148744354248047e+06
4.134149219848632812e+06
4.134149657226562500e+06
4.134150111022949219e+06
4.134150580383300781e+06
4.134151038085937500e+06
4.134151479461669922e+06
4.134151955749511719e+06
4.134152303527832031e+06
4.134152754577636719e+06
4.134153287353515625e+06
4.134153832214355469e+06
4.134154356323242188e+06
4.134154867980957031e+06
4.134155404144287109e+06
4.134155972259521484e+06
4.134156470275878906e+06
4.134157000610351562e+06
4.134157000610351562e+06
4.134157453735351562e+06
4.134157993347167969e+06
4.134158507202148438e+06
4.134159046630859375e+06
4.134159575012207031e+06
4.134160118103027344e+06
4.134160661743164062e+06
4.134161166625976562e+06
4.134161718322753906e+06
4.134162231109619141e+06
4.134162683227539062e+06
4.134163194396972656e+06
4.134163695983886719e+06
4.134164185913085938e+06
4.134164709503173828e+06
4.134165209838867188e+06
4.134165705383300781e+06
4.134166191650390625e+06
4.134166697174072266e+06
4.134167197937011719e+06
4.134167619934082031e+06
4.134168145751953125e+06
4.134168600219726562e+06
4.134169096374511719e+06
4.134169551116943359e+06
4.134170039428710938e+06
4.134170498840332031e+06
4.134170986450195312e+06
4.134171444610595703e+06
4.134171912078857422e+06
