1.695365228633787632e+09
1.695365228701761007e+09
1.695365228862347603e+09
1.695365228942676067e+09
1.695365229024689198e+09
1.695365229118169069e+09
1.695365229346706152e+09
1.695365229428551197e+09
1.695365229507880688e+09
1.695365229589034557e+09
1.695365229752163172e+09
1.695365229855718613e+09
1.695365229912946701e+09
1.695365229992688179e+09
1.695365230157462835e+09
1.695365230238703966e+09
1.695365230403614044e+09
1.695365230572926044e+09
1.695365230645944118e+09
1.695365230722904921e+09
1.695365230811184645e+09
1.695365230890951872e+09
1.695365231049194336e+09
1.695365231144020557e+09
1.695365231209963322e+09
1.695365231368935347e+09
1.695365231534022570e+09
1.695365231608572006e+09
1.695365231780126572e+09
1.695365231854887962e+09
1.695365231933065414e+09
1.695365232024873734e+09
1.695365232173718214e+09
1.695365232253889561e+09
1.695365232343971252e+09
1.695365232441781282e+09
