5.926157871551513672e+05
5.926155367126464844e+05
5.926152867431640625e+05
5.926150309829711914e+05
5.926147742538452148e+05
5.926145140914916992e+05
5.926142652664184570e+05
5.926139706115722656e+05
5.926136507110595703e+05
5.926133412933349609e+05
5.926130230102539062e+05
5.926127014465332031e+05
5.926123686065673828e+05
5.926120590972900391e+05
5.926117351989746094e+05
5.926114153900146484e+05
5.926110838928222656e+05
5.926107048797607422e+05
5.926102635040283203e+05
5.926098126373291016e+05
5.926093685607910156e+05
5.926089370956420898e+05
5.926084870605468750e+05
5.926080383834838867e+05
5.926076265869140625e+05
5.926071777114868164e+05
5.926067311096191406e+05
5.926064886169433594e+05
5.926062377548217773e+05
5.926059897613525391e+05
5.926057439117431641e+05
5.926054984893798828e+05
5.926052456741333008e+05
5.926049981079101562e+05
5.926047469940185547e+05
5.926044962615966797e+05
5.926042447357177734e+05
5.926039412841796875e+05
5.926036051483154297e+05
5.926032558822631836e+05
5.926029100494384766e+05
5.926025777587890625e+05
5.926022457351684570e+05
5.926018845367431641e+05
5.926015488586425781e+05
5.926012124176025391e+05
5.926008634033203125e+05
5.926005494918823242e+05
5.926001733703613281e+05
5.925998153991699219e+05
5.925993887481689453e+05
5.925990214309692383e+05
5.925986604156494141e+05
5.925982814483642578e+05
5.925979155578613281e+05
5.925975502166748047e+05
5.925971896057128906e+05
