1.695364917894736528e+09
1.695364917973692656e+09
1.695364918052506924e+09
1.695364918212397337e+09
1.695364918293069601e+09
1.695364918374029160e+09
1.695364918456033707e+09
1.695364918614055395e+09
1.695364918690883636e+09
1.695364918774108648e+09
1.695364918947575092e+09
1.695364919104178429e+09
1.695364919200650930e+09
1.695364919264900923e+09
1.695364919343755960e+09
1.695364919507449389e+09
1.695364919586330891e+09
1.695364919664241076e+09
1.695364919749849319e+09
1.695364919924237728e+09
1.695364920129194498e+09
1.695364920195584536e+09
1.695364920271742105e+09
1.695364920354037523e+09
1.695364920431182861e+09
1.695364920592230320e+09
1.695364920671839714e+09
1.695364920750913620e+09
1.695364920841336727e+09
1.695364920991002083e+09
1.695364921148868322e+09
1.695364921289719343e+09
1.695364921366337061e+09
1.695364921450046778e+09
1.695364921554393768e+09
1.695364921605450153e+09
1.695364921765251160e+09
1.695364921845564365e+09
1.695364921933844328e+09
1.695364922086899519e+09
1.695364922247242689e+09
1.695364922326236010e+09
1.695364922496865511e+09
1.695364922577326059e+09
1.695364922648961782e+09
1.695364922727394342e+09
1.695364922885251760e+09
1.695364922964329720e+09
1.695364923043637514e+09
1.695364923124356508e+09
