2.362649526240809372e+00
2.361107205993223879e+00
2.359535516613545880e+00
2.356176493688392881e+00
2.354544912357313891e+00
2.352867926827176603e+00
2.350938351929723780e+00
2.349412618638556438e+00
2.347681265351505786e+00
2.343183059044639194e+00
2.341407541259620473e+00
2.339664958161455033e+00
2.337719134051090109e+00
2.334394683600751641e+00
2.332481457584593798e+00
2.330800974330278663e+00
2.329399858940929491e+00
2.327844895792250846e+00
2.326313650803936817e+00
2.322521220552152599e+00
2.320756609107710311e+00
2.319428241517631051e+00
2.317837846263349100e+00
2.315309482273210762e+00
2.313897875525059433e+00
2.312816254119480774e+00
2.311469880880549610e+00
2.309579718799137815e+00
2.308613539196928244e+00
2.307713642460099024e+00
2.306094718497998741e+00
2.305358213070450191e+00
2.304574153706625772e+00
2.304026081585741181e+00
2.303476412916657168e+00
2.302653607649773448e+00
2.302379332538663448e+00
2.302225224456698527e+00
2.302158842088924295e+00
2.302306059113186087e+00
2.302498488740274851e+00
2.302766267035924130e+00
2.303178905497295759e+00
2.304164927296841192e+00
2.304878536759356500e+00
2.305508629869036596e+00
2.306417630253033479e+00
2.307338103311792565e+00
2.309135190942223304e+00
2.310262277602814329e+00
2.311394568107841607e+00
2.313608726428380002e+00
2.314698680329145830e+00
2.315661655768840532e+00
2.316899491514483600e+00
2.311548594113698840e+00
2.302216008611294384e+00
2.292446534705830707e+00
2.278862794508497380e+00
2.274708005559874735e+00
2.273100574554115738e+00
2.273402850388127838e+00
2.276668822865879349e+00
2.278168543291661408e+00
2.278901782400996723e+00
2.278856358897599854e+00
2.277171006205161774e+00
2.276150887617339968e+00
2.275791578864805764e+00
2.274838256732610198e+00
2.275350774365580087e+00
2.276211386700679462e+00
2.277224404894006682e+00
