5.926256743164062500e+05
5.926255386199951172e+05
5.926252803344726562e+05
5.926251350326538086e+05
5.926249628829956055e+05
5.926247996444702148e+05
5.926244671173095703e+05
5.926242765426635742e+05
5.926240561065673828e+05
5.926239539337158203e+05
5.926236037368774414e+05
5.926231488494873047e+05
5.926229461975097656e+05
5.926227132110595703e+05
5.926224481582641602e+05
5.926219759750366211e+05
5.926217382888793945e+05
5.926215320663452148e+05
5.926210644149780273e+05
5.926208281631469727e+05
5.926206261291503906e+05
5.926203996734619141e+05
5.926199567718505859e+05
5.926197125244140625e+05
5.926194985275268555e+05
5.926193113708496094e+05
5.926188813629150391e+05
5.926186649932861328e+05
5.926184180603027344e+05
5.926183059005737305e+05
5.926177462005615234e+05
5.926174862976074219e+05
5.926172176971435547e+05
5.926169129104614258e+05
5.926163983840942383e+05
5.926161207962036133e+05
5.926158070526123047e+05
5.926153469390869141e+05
5.926150127105712891e+05
5.926147041473388672e+05
5.926143788070678711e+05
5.926137558822631836e+05
5.926133733825683594e+05
5.926130718383789062e+05
5.926127222442626953e+05
5.926120078430175781e+05
5.926116430206298828e+05
5.926112263870239258e+05
5.926106035842895508e+05
5.926102540359497070e+05
5.926098456344604492e+05
5.926090122909545898e+05
5.926085929489135742e+05
5.926081672668457031e+05
5.926077369918823242e+05
5.926069221115112305e+05
5.926064311447143555e+05
5.926059894866943359e+05
5.926055427093505859e+05
5.926047515335083008e+05
5.926042961196899414e+05
5.926038346023559570e+05
5.926029618606567383e+05
5.926026261367797852e+05
5.926022999038696289e+05
5.926016854476928711e+05
5.926013769912719727e+05
5.926010699386596680e+05
5.926007638397216797e+05
5.926241760711669922e+05
5.926241760711669922e+05
5.926241760711669922e+05
5.926241755371093750e+05
5.926241726303100586e+05
5.926241627197265625e+05
5.926241199874877930e+05
5.926240821380615234e+05
5.926240323028564453e+05
5.926239681320190430e+05
5.926238091125488281e+05
5.926236938705444336e+05
