4.957717438155975742e+01
2.019917810260404067e+01
1.908461033148738650e+01
2.218150625942578102e+01
3.254641597476441461e+01
2.495208921800031021e+01
3.029937148650671830e+01
4.273375256745794815e+01
1.667062037808955566e+01
1.570000000000000107e+01
2.233600189423653148e+01
4.936475216815961176e+01
2.380780928688376008e+01
4.974809680525795841e+01
4.503712539533206893e+01
5.155146967256516888e+01
3.488485180465828250e+01
4.109938169635021410e+01
4.531733258390262620e+01
3.992493831653369796e+01
4.868567204059000630e+01
3.526863199657764625e+01
4.105291715055063406e+01
4.242958960206343733e+01
1.951795342589596416e+01
1.570000000000000107e+01
1.575166640519888972e+00
0.000000000000000000e+00
1.454628244805894077e+01
1.890612467904147920e+01
2.109486157251334859e+01
2.141530219239134780e+01
0.000000000000000000e+00
6.677625481783971750e+00
2.959187618050728830e+00
0.000000000000000000e+00
0.000000000000000000e+00
3.213790779012851040e+00
6.413004609691529190e+00
7.296294939334154073e+00
0.000000000000000000e+00
0.000000000000000000e+00
0.000000000000000000e+00
