4.134141674926757812e+06
4.134141836395263672e+06
4.134141984313964844e+06
4.134142308776855469e+06
4.134142458404541016e+06
4.134142659179687500e+06
4.134142849700927734e+06
4.134143044891357422e+06
4.134143199554443359e+06
4.134143736907958984e+06
4.134144002441406250e+06
4.134144211364746094e+06
4.134144452880859375e+06
4.134144945434570312e+06
4.134145195373535156e+06
4.134145484649658203e+06
4.134145751464843750e+06
4.134146264892578125e+06
4.134146576843261719e+06
4.134146868286132812e+06
4.134147173400878906e+06
4.134147766632080078e+06
4.134148130798339844e+06
4.134148456298828125e+06
4.134148784637451172e+06
4.134149407806396484e+06
4.134149794067382812e+06
4.134150146911621094e+06
4.134150328308105469e+06
4.134151221282958984e+06
4.134151619140625000e+06
4.134152024353027344e+06
4.134152440734863281e+06
4.134153313323974609e+06
4.134153771057128906e+06
4.134154237762451172e+06
4.134154717956542969e+06
4.134155577087402344e+06
4.134155765747070312e+06
4.134156972564697266e+06
4.134157492065429688e+06
4.134158018249511719e+06
4.134158549804687500e+06
4.134159620422363281e+06
4.134160224121093750e+06
4.134160695129394531e+06
4.134161240875244141e+06
4.134162370147705078e+06
4.134162883361816406e+06
4.134163480468750000e+06
4.134164617309570312e+06
4.134165300689697266e+06
4.134165908020019531e+06
4.134166439758300781e+06
4.134167655639648438e+06
4.134168341064453125e+06
4.134168957153320312e+06
4.134170059875488281e+06
4.134170867492675781e+06
4.134171605743408203e+06
4.134172349121093750e+06
4.134172929077148438e+06
4.134173676147460938e+06
4.134174921844482422e+06
4.134175669158935547e+06
4.134176251007080078e+06
4.134176999908447266e+06
4.134177666809082031e+06
4.134178921325683594e+06
4.134179592529296875e+06
4.134180180725097656e+06
4.134181612243652344e+06
4.134182287170410156e+06
4.134182962768554688e+06
4.134183554260253906e+06
4.134184991638183594e+06
4.134185666564941406e+06
4.134186336242675781e+06
4.134187744903564453e+06
4.134188322662353516e+06
4.134188983154296875e+06
4.134189726440429688e+06
4.134190387481689453e+06
4.134191627655029297e+06
4.134192371734619141e+06
4.134192950469970703e+06
4.134193694488525391e+06
4.134194934082031250e+06
4.134195016723632812e+06
4.134196090332031250e+06
4.134197329284667969e+06
4.134197989715576172e+06
4.134198646972656250e+06
4.134199947113037109e+06
4.134200591247558594e+06
4.134201312988281250e+06
4.134201874176025391e+06
4.134202994689941406e+06
