0.000000000000000000e+00
0.000000000000000000e+00
0.000000000000000000e+00
0.000000000000000000e+00
2.363594876755222529e+01
1.593935032266489671e+01
3.671083381611491347e+01
3.950348870526718059e+01
3.715251862990118070e+01
2.870512463611897758e+01
2.539899111079585126e+01
2.091691067923257563e+01
2.310850410322282400e+01
1.962125541406285123e+01
2.781463236441294384e+01
5.505792429175328095e+01
6.036725599793005870e+01
2.407195583904436731e+01
1.651349167643631688e+01
2.192112977592468326e+01
1.970987359663087446e+01
1.670933109260488791e+01
1.700685590108899703e+01
2.117129703899861326e+01
6.615314774275984178e+01
5.574911759524248112e+01
5.474072964316471257e+01
4.082943158482825652e+01
2.640731261628963367e+01
2.038949076163486751e+01
2.474048143096663210e+01
3.614332935609886732e+01
4.453404525725945717e+01
3.919830994052512807e+01
4.442157942534468873e+01
3.250849594986664215e+01
2.450839756617249776e+01
4.184460945433529133e+01
5.720807654031602851e+01
3.808100805629160845e+01
2.351489497780223559e+01
3.462629998808527176e+01
4.714268689330003781e+01
2.123521231844600621e+01
3.501128296976075660e+01
0.000000000000000000e+00
0.000000000000000000e+00
0.000000000000000000e+00
0.000000000000000000e+00
0.000000000000000000e+00
0.000000000000000000e+00
0.000000000000000000e+00
0.000000000000000000e+00
