0.000000000000000000e+00
0.000000000000000000e+00
0.000000000000000000e+00
0.000000000000000000e+00
0.000000000000000000e+00
0.000000000000000000e+00
0.000000000000000000e+00
7.596897387739069529e+00
1.209383029878821780e+01
5.272727272727272485e+00
4.349999999999999645e+00
1.288888888888888928e+01
8.285714285714286476e+00
8.285714285714286476e+00
1.449999999999999956e+00
0.000000000000000000e+00
0.000000000000000000e+00
0.000000000000000000e+00
0.000000000000000000e+00
0.000000000000000000e+00
0.000000000000000000e+00
0.000000000000000000e+00
0.000000000000000000e+00
0.000000000000000000e+00
0.000000000000000000e+00
3.599364482479377791e+00
2.238308882188587390e+01
1.978074775313410427e+01
2.989230320019888865e+01
1.628142214140951793e+01
2.027706212412707032e+01
0.000000000000000000e+00
1.947835603145076178e+01
3.773656020398802013e+01
3.842329620057062556e+01
4.344074601757511545e+01
4.540938176645038737e+01
3.816446793253273029e+01
3.851234221522880574e+01
5.396512398315344683e+01
5.304991116846876764e+01
4.810254305476048842e+01
6.014872189725068807e+01
5.904670677052983052e+01
