2.379037469697493634e+00
2.379037469697493634e+00
2.379037469697493634e+00
2.379037469697493634e+00
2.366893188904697354e+00
2.352047397523051586e+00
2.337304137842579621e+00
2.321979243784539904e+00
2.307446373828554442e+00
2.292778215290240951e+00
2.277843474328875573e+00
2.262974779762032540e+00
2.248045098806699116e+00
2.232525793990589591e+00
2.230204582802457480e+00
2.228346229008195678e+00
2.226501191019281123e+00
2.224609281395544258e+00
2.222814577150842297e+00
2.220997502353156960e+00
2.219071504267731143e+00
2.217282392661275026e+00
2.215407527268382637e+00
2.213572609291531990e+00
2.214406178706269657e+00
2.215565719035907932e+00
2.216815274209693598e+00
2.217961765050091572e+00
2.219146605409889617e+00
2.220343962626714074e+00
2.221569016718660805e+00
2.222758118136169969e+00
2.223979710118726416e+00
2.225132059913477178e+00
2.225129663068514674e+00
2.224983988158015791e+00
2.224844172201869696e+00
2.224692638337018025e+00
2.224551490800337206e+00
2.224417533798543900e+00
2.224274788365221411e+00
2.224136836621823932e+00
2.223991428027431994e+00
2.223852411019606734e+00
