1.695364870829668283e+09
1.695364870909611225e+09
1.695364871071514130e+09
1.695364871148329973e+09
1.695364871227850199e+09
1.695364871328956842e+09
1.695364871467231750e+09
1.695364871552159309e+09
1.695364871628631353e+09
1.695364871786311865e+09
1.695364871867017746e+09
1.695364872026563644e+09
1.695364872113614321e+09
1.695364872197705269e+09
1.695364872287137747e+09
1.695364872436384201e+09
1.695364872505756140e+09
1.695364872624878168e+09
1.695364872747028112e+09
1.695364872905559301e+09
1.695364872991844654e+09
1.695364873066504002e+09
1.695364873234271049e+09
1.695364873304786682e+09
1.695364873384977102e+09
1.695364873465780258e+09
1.695364873631981850e+09
1.695364873704080105e+09
1.695364873785774708e+09
1.695364873949340820e+09
1.695364874110935926e+09
1.695364874187541008e+09
1.695364874270079374e+09
1.695364874349280119e+09
1.695364874508908033e+09
1.695364874592395306e+09
1.695364874667946339e+09
1.695364874830675125e+09
1.695364874906217575e+09
1.695364875075716019e+09
1.695364875176005125e+09
1.695364875308398485e+09
1.695364875387105703e+09
1.695364875466096401e+09
1.695364875546644211e+09
1.695364875713732958e+09
1.695364875809678555e+09
1.695364875865405321e+09
1.695364876025826931e+09
1.695364876238251448e+09
1.695364876267171144e+09
1.695364876440940380e+09
1.695364876507137299e+09
1.695364876587965012e+09
1.695364876667962074e+09
1.695364876834048748e+09
1.695364876903913736e+09
1.695364876984977484e+09
1.695364877072025061e+09
1.695364877346651316e+09
1.695364877386035442e+09
1.695364877465639353e+09
1.695364877637064219e+09
1.695364877769571304e+09
1.695364877788023472e+09
1.695364877967198610e+09
1.695364878025909662e+09
1.695364878106116295e+09
1.695364878182004690e+09
1.695364881469625950e+09
1.695364881558867931e+09
1.695364881705079794e+09
1.695364881784417868e+09
1.695364881864769936e+09
1.695364881959937334e+09
1.695364882104898930e+09
1.695364882191905975e+09
1.695364882265251398e+09
1.695364882362323284e+09
1.695364882503653049e+09
1.695364882586347103e+09
