2.310188675168440398e+00
2.309256455970288613e+00
2.308295971107913402e+00
2.307486324015656898e+00
2.305989684138888052e+00
2.305463560918275867e+00
2.304824280557667748e+00
2.304197523914076839e+00
2.303775420764757165e+00
2.302791764661891172e+00
2.302377158236986077e+00
2.301951608832731644e+00
2.301951608832731644e+00
2.301854650761189447e+00
2.301898835195961723e+00
2.302080258852622130e+00
2.302201270642536102e+00
2.302570611978817183e+00
2.302828115835122702e+00
2.302975327129148653e+00
2.304192804394690874e+00
2.304841546744066605e+00
2.305708790591568302e+00
2.307438028729196233e+00
2.308360857179937220e+00
2.309147979735951317e+00
2.309959626645034625e+00
2.310885036055233321e+00
2.312626198587923732e+00
2.312719831295225958e+00
2.315388334528869052e+00
2.315388334528869052e+00
2.318138787636833342e+00
2.315225037164900357e+00
2.294248006944616947e+00
2.284535595941063590e+00
2.276363699913820149e+00
2.272434487852807550e+00
2.270816020249482925e+00
2.271495764819806418e+00
2.275633364697133842e+00
2.274422192404534471e+00
2.271192162304492612e+00
