1.695365689639588594e+09
1.695365689718383551e+09
1.695365689797298908e+09
1.695365689881540775e+09
1.695365690084466219e+09
1.695365690159753561e+09
1.695365690322358608e+09
1.695365690424967527e+09
1.695365690483515978e+09
1.695365690639951706e+09
1.695365690726649523e+09
1.695365690803038836e+09
1.695365690880456686e+09
1.695365691040066957e+09
1.695365691201246262e+09
1.695365691281253576e+09
1.695365691441220045e+09
1.695365691528232098e+09
1.695365691599240780e+09
1.695365691683629036e+09
1.695365691766686916e+09
1.695365691920239687e+09
1.695365692081071615e+09
1.695365692081071615e+09
1.695365692295367718e+09
1.695365692402206182e+09
1.695365692526550055e+09
1.695365692615831614e+09
1.695365692683822870e+09
1.695365692764526844e+09
1.695365692928353548e+09
1.695365693005369902e+09
1.695365693090416431e+09
1.695365693245676994e+09
1.695365693398720741e+09
1.695365693465313673e+09
1.695365693621252537e+09
1.695365693711341381e+09
1.695365693784054279e+09
1.695365693861865520e+09
1.695365694020795584e+09
1.695365694116037130e+09
1.695365694182631493e+09
1.695365694347973347e+09
1.695365694608486414e+09
1.695365694636870146e+09
1.695365694719080210e+09
1.695365694796618938e+09
1.695365694890406609e+09
1.695365695035563231e+09
1.695365695129296541e+09
1.695365695196372747e+09
1.695365695281845093e+09
1.695365695356772184e+09
1.695365695586348772e+09
1.695365695667779922e+09
1.695365695838406324e+09
1.695365695908440351e+09
1.695365695987332582e+09
1.695365696067717075e+09
1.695365696244481802e+09
1.695365696307472944e+09
1.695365696398675680e+09
1.695365696467533827e+09
1.695365696711999655e+09
1.695365696789505243e+09
1.695365696877184153e+09
1.695365697039193153e+09
1.695365697111054420e+09
1.695365697187557697e+09
1.695365697352674246e+09
1.695365697430867434e+09
1.695365697515863895e+09
1.695365697591158867e+09
