2.379037469697493634e+00
2.379037469697493634e+00
2.379037469697493634e+00
2.379037469697493634e+00
2.379037469697493634e+00
2.379037469697493634e+00
2.379037469697493634e+00
2.379037469697493634e+00
2.379037469697493634e+00
2.379037469697493634e+00
2.379037469697493634e+00
2.379037469697493634e+00
2.379037469697493634e+00
2.379037469697493634e+00
2.379037469697493634e+00
2.379037469697493634e+00
2.379037469697493634e+00
2.379037469697493634e+00
2.379037469697493634e+00
2.379037469697493634e+00
2.379037469697493634e+00
2.379037469697493634e+00
2.379037469697493634e+00
2.379037469697493634e+00
2.379037469697493634e+00
2.379037469697493634e+00
2.379037469697493634e+00
2.348618045013921574e+00
2.312264032203188435e+00
2.276487925344525820e+00
2.241853515636336169e+00
2.204065390589704521e+00
2.168812328565081771e+00
2.131166416319558721e+00
2.096816432213586268e+00
2.060826473521046864e+00
2.024023185437897610e+00
2.028918608115759525e+00
2.037622883755147996e+00
2.046643010297373166e+00
2.055435170252053467e+00
2.064270473416058849e+00
2.072960900617886182e+00
2.081431883347590883e+00
2.090558270016487086e+00
2.099934461193697643e+00
2.109828637198916113e+00
