4.134155285217285156e+06
4.134155842956542969e+06
4.134156354553222656e+06
4.134156667297363281e+06
4.134157088562011719e+06
4.134157603027343750e+06
4.134158113586425781e+06
4.134158643951416016e+06
4.134159146606445312e+06
4.134159653686523438e+06
4.134160169799804688e+06
4.134160683471679688e+06
4.134161199218750000e+06
4.134161735351562500e+06
4.134162167877197266e+06
4.134162657714843750e+06
4.134163143951416016e+06
4.134163642395019531e+06
4.134164115356445312e+06
4.134164594116210938e+06
4.134165101715087891e+06
4.134165573181152344e+06
4.134166067260742188e+06
4.134166550781250000e+06
4.134166988708496094e+06
4.134167443237304688e+06
4.134167933013916016e+06
4.134168382263183594e+06
4.134168846679687500e+06
4.134169315917968750e+06
4.134169795989990234e+06
4.134170262054443359e+06
4.134170740753173828e+06
4.134171192321777344e+06
4.134171624298095703e+06
4.134172122253417969e+06
4.134172599273681641e+06
4.134173117126464844e+06
4.134173599182128906e+06
4.134174056335449219e+06
4.134174543762207031e+06
4.134175014434814453e+06
4.134175510498046875e+06
4.134175985168457031e+06
