4.134156687713623047e+06
4.134157226623535156e+06
4.134157760711669922e+06
4.134158293823242188e+06
4.134158812988281250e+06
4.134159302154541016e+06
4.134159864929199219e+06
4.134160391723632812e+06
4.134160933715820312e+06
4.134161477264404297e+06
4.134162040222167969e+06
4.134162574340820312e+06
4.134163108276367188e+06
4.134163654724121094e+06
4.134164199340820312e+06
4.134164676055908203e+06
4.134165182495117188e+06
4.134165654296875000e+06
4.134166163116455078e+06
4.134166656890869141e+06
4.134167166717529297e+06
4.134167682800292969e+06
4.134168160736083984e+06
4.134168681457519531e+06
4.134169161132812500e+06
4.134169596618652344e+06
4.134170087890625000e+06
4.134170549285888672e+06
4.134171049987792969e+06
4.134171499084472656e+06
4.134171990936279297e+06
4.134172466644287109e+06
4.134172958435058594e+06
4.134173425598144531e+06
4.134173906494140625e+06
4.134174345520019531e+06
4.134174803009033203e+06
4.134175280242919922e+06
4.134175767639160156e+06
4.134176248413085938e+06
4.134176718536376953e+06
4.134177200073242188e+06
4.134177705383300781e+06
4.134178183563232422e+06
4.134178647766113281e+06
4.134179062500000000e+06
4.134179562133789062e+06
4.134180021209716797e+06
4.134180504638671875e+06
4.134180985534667969e+06
4.134181446166992188e+06
4.134181903747558594e+06
4.134182385742187500e+06
4.134182874908447266e+06
4.134183318542480469e+06
4.134183753997802734e+06
4.134184202453613281e+06
4.134184680969238281e+06
4.134185147888183594e+06
4.134185586029052734e+06
4.134186064514160156e+06
4.134186519348144531e+06
4.134186977050781250e+06
