2.366595515255348836e+00
2.365019475767695667e+00
2.362124329940721523e+00
2.360528728316404035e+00
2.358703621500998437e+00
2.357023004206943995e+00
2.353728671350069135e+00
2.351931938274955058e+00
2.349951551178504516e+00
2.349050810546662760e+00
2.346073763026025105e+00
2.342389379058229082e+00
2.340827382468127382e+00
2.340587642926721834e+00
2.344095803757112684e+00
2.347249778034562695e+00
2.345363724796298399e+00
2.345970770727436872e+00
2.348241920759242873e+00
2.346639545262734217e+00
2.347663651509734883e+00
2.349615136512018587e+00
2.347110944185327952e+00
2.344283176415712155e+00
2.341793160788160577e+00
2.339762128683696929e+00
2.335696719869511995e+00
2.333870674466405504e+00
2.331943060582863936e+00
2.331110480153931519e+00
2.327333276273263252e+00
2.325740652320374302e+00
2.324197291943397303e+00
2.322598852415216797e+00
2.320150108944730505e+00
2.318912020851680467e+00
2.317597250524382702e+00
2.315794168180897117e+00
2.314572292535372888e+00
2.313483422320619098e+00
2.312392390829497657e+00
2.310468476696225792e+00
2.309414888490342932e+00
2.308665212520679688e+00
2.307873227968451957e+00
2.306495622075217966e+00
2.305922475803956928e+00
2.305338751513339446e+00
2.304650613561263661e+00
2.304370723188598369e+00
2.304106061810085038e+00
2.303700601043344953e+00
2.303605501072434336e+00
2.303603046932062526e+00
2.303702554215202980e+00
2.304120937962496285e+00
2.304515631665487341e+00
2.304943972332690549e+00
2.305419929109929100e+00
2.306349952690405658e+00
2.306937871451726352e+00
2.307581046647046108e+00
2.308908598457682260e+00
2.304201957916989230e+00
2.294178309547493910e+00
2.266096777295844689e+00
2.251713587925514126e+00
2.238433161726286258e+00
2.226058425354432657e+00
2.379040252908623643e+00
2.379040252908299458e+00
2.379040379037087760e+00
2.378992083087744014e+00
2.378926598137144133e+00
2.378765090974928498e+00
2.378689703543531486e+00
2.378660358583710277e+00
2.378632595113645998e+00
2.377860512238338053e+00
2.375577007635127025e+00
2.373974737692566173e+00
