5.926140725250244141e+05
5.926137925949096680e+05
5.926135776519775391e+05
5.926135776519775391e+05
5.926135776519775391e+05
5.926132559585571289e+05
5.926128636627197266e+05
5.926124798812866211e+05
5.926120378341674805e+05
5.926116854248046875e+05
5.926112846069335938e+05
5.926109086303710938e+05
5.926105235977172852e+05
5.926101433563232422e+05
5.926101433563232422e+05
5.926097053375244141e+05
5.926092329559326172e+05
5.926087004013061523e+05
5.926082079162597656e+05
5.926076984634399414e+05
5.926072006530761719e+05
5.926066990356445312e+05
5.926061944046020508e+05
5.926056864776611328e+05
5.926054420700073242e+05
5.926052220764160156e+05
5.926049626922607422e+05
5.926046996459960938e+05
5.926044449615478516e+05
5.926041765289306641e+05
5.926039212493896484e+05
5.926036674270629883e+05
5.926034066467285156e+05
5.926031405029296875e+05
5.926028700942993164e+05
5.926025817260742188e+05
5.926022708358764648e+05
5.926019267120361328e+05
5.926016047515869141e+05
5.926012747879028320e+05
5.926009451293945312e+05
5.926006220245361328e+05
5.926003012695312500e+05
5.925999648284912109e+05
5.925996266174316406e+05
5.925993032073974609e+05
5.925989241027832031e+05
5.925985725555419922e+05
5.925981633148193359e+05
5.925977738342285156e+05
5.925974108428955078e+05
5.925970570144653320e+05
5.925966928939819336e+05
5.925963232650756836e+05
5.925959655609130859e+05
