5.926221696395874023e+05
5.926220124664306641e+05
5.926217032165527344e+05
5.926215066452026367e+05
5.926213489608764648e+05
5.926211370849609375e+05
5.926207975311279297e+05
5.926205734252929688e+05
5.926203606109619141e+05
5.926201359634399414e+05
5.926197001113891602e+05
5.926194239501953125e+05
5.926191683044433594e+05
5.926189107818603516e+05
5.926184249649047852e+05
5.926181306915283203e+05
5.926178655319213867e+05
5.926177318572998047e+05
5.926170681991577148e+05
5.926167684097290039e+05
5.926164585037231445e+05
5.926161451416015625e+05
5.926155132141113281e+05
5.926151876983642578e+05
5.926148503570556641e+05
5.926145098342895508e+05
5.926138165740966797e+05
5.926135073623657227e+05
5.926131446838378906e+05
5.926127681732177734e+05
5.926119812850952148e+05
5.926115694885253906e+05
5.926107239990234375e+05
5.926103474731445312e+05
5.926098533782958984e+05
5.926094665374755859e+05
5.926089664230346680e+05
5.926081719665527344e+05
5.926077108764648438e+05
5.926072476348876953e+05
5.926067752304077148e+05
5.926058179473876953e+05
5.926053421859741211e+05
5.926048696670532227e+05
5.926039961700439453e+05
5.926035963973999023e+05
5.926032429962158203e+05
