1.695365215662674904e+09
1.695365215742978573e+09
1.695365215826516390e+09
1.695365215903020859e+09
1.695365216109987497e+09
1.695365216186610937e+09
1.695365216349459887e+09
1.695365216450488567e+09
1.695365216505857944e+09
1.695365216586125851e+09
1.695365216753782034e+09
1.695365216830787659e+09
1.695365216997150421e+09
1.695365217065830708e+09
1.695365217257632256e+09
1.695365217305765152e+09
1.695365217468919754e+09
1.695365217548022509e+09
1.695365217625782967e+09
1.695365217704849958e+09
1.695365217865785599e+09
1.695365217960013390e+09
1.695365218104566336e+09
1.695365218104566336e+09
1.695365218308500290e+09
1.695365218473043203e+09
1.695365218549351454e+09
1.695365218628447056e+09
1.695365218707340956e+09
1.695365218819025755e+09
1.695365218966144085e+09
1.695365219033525467e+09
1.695365219108958006e+09
1.695365219267721891e+09
1.695365219417706013e+09
1.695365219548924923e+09
1.695365219628590822e+09
1.695365219708835602e+09
1.695365219792642355e+09
1.695365219952594280e+09
1.695365220029148579e+09
1.695365220107803583e+09
1.695365220271045923e+09
1.695365220348932266e+09
