-3.675768957007859328e+00
-3.560836289534292654e+00
-3.399843598738580219e+00
-3.326225472873157063e+00
-3.187508764321389076e+00
-2.970971412711501891e+00
-2.914633077708874254e+00
-2.882151981903142701e+00
-2.781600677286566903e+00
-2.662354456542263215e+00
-2.541310407718106568e+00
-2.441915550564872639e+00
-2.403298023312625542e+00
-2.297166276867833812e+00
-2.190460073841397737e+00
-2.081205582634782836e+00
-1.979298548608686037e+00
-1.901662022306865207e+00
-1.797458054544907258e+00
-1.750769801075694687e+00
-1.708855199526007507e+00
-1.632576551776154794e+00
-1.550976685861382931e+00
-1.481896684853794666e+00
-1.425741943262040179e+00
-1.303868226699692379e+00
-1.203597800533823259e+00
-1.130674399004281794e+00
-1.059355820183627506e+00
-1.005487615565444193e+00
-9.334459657644856856e-01
-8.576193971652100734e-01
-7.398858884814915049e-01
-6.671387540676492200e-01
-5.959745283064312726e-01
-4.875460665369837354e-01
-4.222366047463982919e-01
-3.365898636127368504e-01
-2.800851534739215998e-01
-2.113507580561634902e-01
-1.381372698408330491e-01
-5.803045795790036376e-02
2.142186506340054350e-02
9.894146565159595008e-02
1.433205461035501060e-01
1.951880399796818433e-01
2.197814243366219555e-01
2.446590066969192845e-01
2.680057722666872588e-01
2.762481551205847596e-01
