4.134144347137451172e+06
4.134144503051757812e+06
4.134144811157226562e+06
4.134145007965087891e+06
4.134145166351318359e+06
4.134145379913330078e+06
4.134145723632812500e+06
4.134145951629638672e+06
4.134146169006347656e+06
4.134146399139404297e+06
4.134146847778320312e+06
4.134147133514404297e+06
4.134147398925781250e+06
4.134147667236328125e+06
4.134148175933837891e+06
4.134148485595703125e+06
4.134148765594482422e+06
4.134148907104492188e+06
4.134149612792968750e+06
4.134149933227539062e+06
4.134150265441894531e+06
4.134150602386474609e+06
4.134151284667968750e+06
4.134151637573242188e+06
4.134152004272460938e+06
4.134152375305175781e+06
4.134153133483886719e+06
4.134153472717285156e+06
4.134153871459960938e+06
4.134154286071777344e+06
4.134155155029296875e+06
4.134155610839843750e+06
4.134156548797607422e+06
4.134156967315673828e+06
4.134157517028808594e+06
4.134157947753906250e+06
4.134158504882812500e+06
4.134159390441894531e+06
4.134159904388427734e+06
4.134160420654296875e+06
4.134160946990966797e+06
4.134162012817382812e+06
4.134162541931152344e+06
4.134163067016601562e+06
4.134164036071777344e+06
4.134164478820800781e+06
4.134164892761230469e+06
