1.695365182882610321e+09
1.695365182969988346e+09
1.695365183043617964e+09
1.695365183202111721e+09
1.695365183294586182e+09
1.695365183364475250e+09
1.695365183454939365e+09
1.695365183522240162e+09
1.695365183735814571e+09
1.695365183888721228e+09
1.695365183971122265e+09
1.695365184056098700e+09
1.695365184134316206e+09
1.695365184343699217e+09
1.695365184385930061e+09
1.695365184449797869e+09
1.695365184549629688e+09
1.695365184609685183e+09
1.695365184824439287e+09
1.695365184982840300e+09
1.695365185057669163e+09
1.695365185158865452e+09
1.695365185211101770e+09
1.695365185372786283e+09
1.695365185462079048e+09
1.695365185530996084e+09
1.695365185611219883e+09
1.695365185769982815e+09
1.695365185928274393e+09
1.695365186008932114e+09
1.695365186177730799e+09
1.695365186249552727e+09
1.695365186330408335e+09
1.695365186410032034e+09
1.695365186487901688e+09
1.695365186648126602e+09
1.695365186729065657e+09
1.695365186808101177e+09
1.695365187010557890e+09
1.695365187168606281e+09
1.695365187248383760e+09
1.695365187333301067e+09
1.695365187407489300e+09
1.695365187572225332e+09
1.695365187653142214e+09
1.695365187739904165e+09
1.695365187813326120e+09
1.695365187891739130e+09
1.695365188125895977e+09
1.695365188214977264e+09
1.695365188292684555e+09
1.695365188450379848e+09
1.695365188530285835e+09
1.695365188605689049e+09
1.695365188686043024e+09
1.695365188875151157e+09
1.695365188928743839e+09
1.695365189012531281e+09
1.695365189244554520e+09
1.695365189335197210e+09
1.695365189404405832e+09
1.695365189484447002e+09
1.695365189643750906e+09
1.695365189723443508e+09
1.695365189801944971e+09
1.695365189882072926e+09
1.695365190062783003e+09
1.695365190132002354e+09
1.695365190286940336e+09
1.695365190367417812e+09
1.695365190526304722e+09
1.695365190608741522e+09
1.695365190685613394e+09
