5.926150736389160156e+05
5.926146803436279297e+05
5.926142741088867188e+05
5.926138622207641602e+05
5.926135456008911133e+05
5.926128448486328125e+05
5.926119581222534180e+05
5.926115069656372070e+05
5.926111074295043945e+05
5.926105946731567383e+05
5.926096802215576172e+05
5.926092737121582031e+05
5.926082897109985352e+05
5.926078853683471680e+05
5.926075393600463867e+05
5.926070767898559570e+05
5.926061430816650391e+05
5.926056736373901367e+05
5.926052025756835938e+05
5.926047292327880859e+05
5.926037692337036133e+05
5.926032252273559570e+05
5.926022987899780273e+05
5.926022987899780273e+05
5.926019208450317383e+05
5.926006442718505859e+05
5.926000613403320312e+05
5.925995497055053711e+05
5.925990463333129883e+05
5.925985526962280273e+05
5.925975960845947266e+05
5.925971332931518555e+05
5.925966780166625977e+05
5.925958298873901367e+05
5.925958298873901367e+05
5.925947606048583984e+05
5.925943577575683594e+05
5.925940162048339844e+05
5.925936398544311523e+05
5.925929082489013672e+05
5.925925803909301758e+05
5.925922779617309570e+05
5.925917150421142578e+05
5.925913795928955078e+05
