8.890081094913725224e+01
5.459916461209409277e+01
1.757672892051512648e+01
3.163195046174969960e+01
1.581254121852178685e+01
2.535644742743219382e+01
4.243562265421655155e+01
5.745430058862852718e+01
4.017695125181467830e+01
4.013151484542476055e+01
3.332178275253494348e+01
4.538593110503528294e+01
4.834949168266645358e+01
2.930073560410797384e+01
2.786723226228580685e+01
3.604514523704177975e+01
2.889135234112095674e+01
4.350896076729897999e+01
5.921386750705927682e+01
4.971498093025311249e+01
6.249924546428137262e+01
3.772504609500514761e+01
2.013843182959887201e+01
2.223296633320418181e+01
1.772315006506423174e+01
2.076133904885984904e+01
1.931880572691036591e+01
4.879117898192109237e+01
6.080289797709627209e+01
3.756844246923806452e+01
2.079081519149223567e+01
1.578750647412638841e+01
1.427272727272727249e+00
0.000000000000000000e+00
0.000000000000000000e+00
0.000000000000000000e+00
0.000000000000000000e+00
0.000000000000000000e+00
0.000000000000000000e+00
0.000000000000000000e+00
0.000000000000000000e+00
0.000000000000000000e+00
0.000000000000000000e+00
0.000000000000000000e+00
0.000000000000000000e+00
0.000000000000000000e+00
0.000000000000000000e+00
0.000000000000000000e+00
0.000000000000000000e+00
0.000000000000000000e+00
