2.379037469697493634e+00
2.379037469697493634e+00
2.379037469697493634e+00
2.379037469697493634e+00
2.379037469697493634e+00
2.379037469697493634e+00
2.379037469697493634e+00
2.379037469697493634e+00
2.379037469697493634e+00
2.379037469697493634e+00
2.379037469697493634e+00
2.379037469697493634e+00
2.379037469697493634e+00
2.379037469697493634e+00
2.379037469697493634e+00
2.379037469697493634e+00
2.379037469697493634e+00
2.379037469697493634e+00
2.379037469697493634e+00
2.379037469697493634e+00
2.379037469697493634e+00
2.379037469697493634e+00
2.379037469697493634e+00
2.379037469697493634e+00
2.379037469697493634e+00
2.357993969875025186e+00
2.333137888665532955e+00
2.307888724882189990e+00
2.283410013596238741e+00
2.257580813331969694e+00
2.233001434557593257e+00
2.208551485411192061e+00
2.183426691249792384e+00
2.157793233324127868e+00
2.131760833870259830e+00
2.131910769838469832e+00
2.132936885798528692e+00
2.134072990310755813e+00
2.135136124209680020e+00
2.136224824454870941e+00
2.137313524700061862e+00
2.138380387024483298e+00
2.139439259865696386e+00
2.140549798031656792e+00
2.141666461468076932e+00
2.145034294956502663e+00
2.149103338754514425e+00
2.152877037989924247e+00
2.157269922173981058e+00
2.161451085053016641e+00
2.165348088645941971e+00
2.169146821595404617e+00
2.173056342045356359e+00
2.177024984671049879e+00
2.180865795565409826e+00
