4.134141455596923828e+06
4.134141633789062500e+06
4.134141849304199219e+06
4.134141984924316406e+06
4.134142117279052734e+06
4.134142420013427734e+06
4.134142556396484375e+06
4.134142736022949219e+06
4.134142899414062500e+06
4.134143177551269531e+06
4.134143380065917969e+06
4.134143563323974609e+06
4.134143726959228516e+06
4.134144128692626953e+06
4.134144349426269531e+06
4.134144857788085938e+06
4.134145103118896484e+06
4.134145320465087891e+06
4.134145605133056641e+06
4.134145797607421875e+06
4.134146288391113281e+06
4.134146566436767578e+06
4.134146861755371094e+06
4.134147451782226562e+06
4.134147810424804688e+06
4.134148131286621094e+06
4.134148454650878906e+06
4.134149066802978516e+06
4.134149396301269531e+06
4.134149695831298828e+06
4.134150369384765625e+06
4.134151126403808594e+06
4.134151126403808594e+06
4.134151514953613281e+06
4.134152260314941406e+06
4.134152719818115234e+06
4.134153139862060547e+06
4.134153571411132812e+06
4.134154408203125000e+06
4.134154920959472656e+06
4.134155035949707031e+06
4.134155792785644531e+06
4.134156747863769531e+06
4.134157232727050781e+06
4.134157713623046875e+06
4.134158675323486328e+06
4.134159155029296875e+06
4.134159629119873047e+06
4.134160096252441406e+06
4.134160894500732422e+06
