2.379037736013600579e+00
2.379037736013600579e+00
2.379037736013600579e+00
2.379037736013600579e+00
2.379037736013600579e+00
2.379037736013600579e+00
2.342561750425886657e+00
2.293865317638790202e+00
2.248543642558900046e+00
2.205298966797073490e+00
2.158897912535735486e+00
2.113475836283527087e+00
2.066500071863401899e+00
2.021326468538973131e+00
1.974860166831433617e+00
1.930700695242251186e+00
1.942214073177694900e+00
1.958861226706716252e+00
1.975868972244541055e+00
1.992038354677703182e+00
2.008723857726124606e+00
2.025928410866981721e+00
2.042131615445725856e+00
2.059622192085441839e+00
2.075712744950948263e+00
2.093106648843843232e+00
2.100559771412804366e+00
2.109662988580396359e+00
2.117345675633544033e+00
2.125728774047956904e+00
2.133585631835046570e+00
2.142046494552687363e+00
2.150276727521713838e+00
2.158019602015031069e+00
2.166369144599968877e+00
2.174230796076983552e+00
