5.926237538146972656e+05
5.926234029769897461e+05
5.926231968765258789e+05
5.926230164031982422e+05
5.926228384475708008e+05
5.926225054168701172e+05
5.926223034210205078e+05
5.926221422805786133e+05
5.926219474105834961e+05
5.926215023956298828e+05
5.926212844619750977e+05
5.926210886459350586e+05
5.926208348388671875e+05
5.926204053268432617e+05
5.926201732940673828e+05
5.926201151504516602e+05
5.926196999206542969e+05
5.926192151260375977e+05
5.926189458084106445e+05
5.926183682632446289e+05
5.926181623687744141e+05
5.926178519134521484e+05
5.926175744552612305e+05
5.926170522613525391e+05
5.926168058395385742e+05
5.926164746093750000e+05
5.926161662292480469e+05
5.926158461685180664e+05
5.926152145843505859e+05
5.926148274230957031e+05
5.926141331939697266e+05
5.926141331939697266e+05
5.926134687957763672e+05
5.926130566940307617e+05
5.926127763671875000e+05
5.926124914398193359e+05
5.926118014068603516e+05
5.926109944381713867e+05
5.926105798873901367e+05
5.926101509857177734e+05
5.926097129211425781e+05
5.926083705520629883e+05
5.926083705520629883e+05
5.926074623718261719e+05
5.926074623718261719e+05
5.926061420669555664e+05
5.926051578674316406e+05
5.926042092742919922e+05
5.926035269393920898e+05
5.926031734924316406e+05
5.926025238952636719e+05
5.926025238952636719e+05
5.926019516754150391e+05
