5.926240245361328125e+05
5.926239409713745117e+05
5.926238707275390625e+05
5.926238053894042969e+05
5.926237584838867188e+05
5.926236567840576172e+05
5.926235448074340820e+05
5.926234589538574219e+05
5.926233829727172852e+05
5.926232220230102539e+05
5.926231385726928711e+05
5.926230465469360352e+05
5.926229282913208008e+05
5.926226887893676758e+05
5.926225597457885742e+05
5.926224280319213867e+05
5.926221589508056641e+05
5.926220198974609375e+05
5.926218727722167969e+05
5.926217144165039062e+05
5.926215415344238281e+05
5.926212137451171875e+05
5.926208000946044922e+05
5.926208000946044922e+05
5.926206529159545898e+05
5.926203020477294922e+05
5.926198905639648438e+05
5.926196539611816406e+05
5.926193780593872070e+05
5.926191216659545898e+05
5.926185980224609375e+05
5.926183335266113281e+05
5.926180670471191406e+05
5.926175981216430664e+05
5.926175981216430664e+05
5.926171226043701172e+05
5.926165858459472656e+05
5.926162576217651367e+05
5.926159549026489258e+05
5.926156488723754883e+05
5.926150286636352539e+05
5.926147123260498047e+05
5.926143938598632812e+05
5.926138228912353516e+05
5.926132416992187500e+05
5.926128975677490234e+05
5.926125840377807617e+05
5.926122110290527344e+05
5.926117773742675781e+05
5.926109942855834961e+05
5.926106483001708984e+05
5.926102020339965820e+05
5.926098534927368164e+05
5.926095038528442383e+05
5.926091028900146484e+05
5.926084015350341797e+05
5.926076406326293945e+05
5.926071672210693359e+05
5.926067419738769531e+05
5.926063249359130859e+05
5.926054992294311523e+05
5.926050890502929688e+05
5.926046795883178711e+05
5.926042688598632812e+05
5.926035410232543945e+05
5.926031201629638672e+05
5.926026980667114258e+05
5.926019099197387695e+05
5.926014399414062500e+05
5.926011095504760742e+05
5.926005410232543945e+05
5.926002345123291016e+05
5.925999295654296875e+05
5.925996261444091797e+05
