4.134144442138671875e+06
4.134144698364257812e+06
4.134144969940185547e+06
4.134145221191406250e+06
4.134145489501953125e+06
4.134145749359130859e+06
4.134146003906250000e+06
4.134146271301269531e+06
4.134146605316162109e+06
4.134146982452392578e+06
4.134147381530761719e+06
4.134147746704101562e+06
4.134148121429443359e+06
4.134148508666992188e+06
4.134148878112792969e+06
4.134149270019531250e+06
4.134149642944335938e+06
4.134150016387939453e+06
4.134150437194824219e+06
4.134150911346435547e+06
4.134151367706298828e+06
4.134151852844238281e+06
4.134152322296142578e+06
4.134152798004150391e+06
4.134153244689941406e+06
4.134153724731445312e+06
4.134154203491210938e+06
4.134154320617675781e+06
4.134154832763671875e+06
4.134155401489257812e+06
4.134156022003173828e+06
4.134156622436523438e+06
4.134157221496582031e+06
4.134157821533203125e+06
4.134158410278320312e+06
4.134159009307861328e+06
4.134159643127441406e+06
4.134159863403320312e+06
4.134160307067871094e+06
4.134160829254150391e+06
4.134161364257812500e+06
4.134161885986328125e+06
4.134162428222656250e+06
4.134162938751220703e+06
4.134163471496582031e+06
4.134163997100830078e+06
4.134164547302246094e+06
4.134165076477050781e+06
4.134165500213623047e+06
4.134166009613037109e+06
4.134166476470947266e+06
4.134166958892822266e+06
4.134167456665039062e+06
4.134167934661865234e+06
4.134168441619873047e+06
4.134168931945800781e+06
4.134169394592285156e+06
4.134169897521972656e+06
4.134170321929931641e+06
4.134170799621582031e+06
4.134171273101806641e+06
4.134171758331298828e+06
4.134172238342285156e+06
4.134172728576660156e+06
4.134173205688476562e+06
4.134173690551757812e+06
4.134174174133300781e+06
4.134174638732910156e+06
4.134175067382812500e+06
4.134175556945800781e+06
4.134176030944824219e+06
4.134176510864257812e+06
4.134176991821289062e+06
