-2.086823830636889809e+00
-2.035225602256334199e+00
-2.241552811445607141e+00
-1.810546615070676824e+00
-1.506397896538758108e+00
-1.709207834655235514e+00
-1.409520392004068201e+00
-1.218126020176334201e+00
-1.645414118431378192e+00
-1.552716757056532559e+00
-1.324385228932324798e+00
-1.203718374974293015e+00
-9.776792255759598760e-01
-8.407211836164785179e-01
-1.106906058138107829e+00
-9.125266872160121556e-01
-4.253399508318332911e-01
-7.380908235804861661e-01
-4.394710269188301099e-01
-1.189949817986852426e-01
-2.425504449642375826e-01
-4.108825095894568236e-01
-1.335103718455080690e-01
-4.448484565183927764e-01
-2.553393994070552453e-01
-5.754710010258910075e-02
-1.533098909133153408e-02
-2.934622430063951182e-01
9.119189589596623513e-01
5.539492511355616600e+00
1.064358984007803244e+01
1.407166193406200705e+01
1.650958790770886253e+01
1.660742304189427543e+01
1.381026240462691135e+01
1.077089624069212448e+01
