5.926164679260253906e+05
5.926160917434692383e+05
5.926157348632812500e+05
5.926153834075927734e+05
5.926150251159667969e+05
5.926147434463500977e+05
5.926144298400878906e+05
5.926141058197021484e+05
5.926137980194091797e+05
5.926134758605957031e+05
5.926131558837890625e+05
5.926128417358398438e+05
5.926125166625976562e+05
5.926122050476074219e+05
5.926118765258789062e+05
5.926115541381835938e+05
5.926111543426513672e+05
5.926107676315307617e+05
5.926103980407714844e+05
5.926099781188964844e+05
5.926096110610961914e+05
5.926092157592773438e+05
5.926088523101806641e+05
5.926084650955200195e+05
5.926083982620239258e+05
5.926080191345214844e+05
5.926075795669555664e+05
5.926071238555908203e+05
5.926066027145385742e+05
5.926062305297851562e+05
5.926057488555908203e+05
5.926053066024780273e+05
5.926048133544921875e+05
5.926044249114990234e+05
5.926044089279174805e+05
5.926042032623291016e+05
5.926039644012451172e+05
5.926037301712036133e+05
5.926034845352172852e+05
5.926032334594726562e+05
5.926029939727783203e+05
5.926027211303710938e+05
5.926025052490234375e+05
5.926022625427246094e+05
5.926020154571533203e+05
5.926017324371337891e+05
5.926010371246337891e+05
5.926003461914062500e+05
5.925999311676025391e+05
5.925995640487670898e+05
5.925992308044433594e+05
5.925988886260986328e+05
5.925985278625488281e+05
