4.134148835815429688e+06
4.134149165588378906e+06
4.134149482482910156e+06
4.134149889068603516e+06
4.134150369934082031e+06
4.134150839141845703e+06
4.134151306030273438e+06
4.134151759460449219e+06
4.134152229980468750e+06
4.134152702026367188e+06
4.134153165588378906e+06
4.134153632904052734e+06
4.134154127716064453e+06
4.134154580444335938e+06
4.134155145263671875e+06
4.134155673278808594e+06
4.134156221588134766e+06
4.134156782104492188e+06
4.134157301086425781e+06
4.134157859100341797e+06
4.134158381286621094e+06
4.134158953643798828e+06
4.134159488464355469e+06
4.134159935607910156e+06
4.134160419555664062e+06
4.134160915771484375e+06
4.134161408813476562e+06
4.134161929687500000e+06
4.134162402313232422e+06
4.134162903839111328e+06
4.134163406402587891e+06
4.134163881042480469e+06
4.134164378845214844e+06
4.134164842895507812e+06
4.134165289489746094e+06
4.134165772369384766e+06
4.134166271392822266e+06
4.134166771850585938e+06
4.134167256347656250e+06
4.134167798767089844e+06
4.134168268341064453e+06
4.134168748901367188e+06
4.134169233581542969e+06
