3.434517581902860428e+01
4.712199146291105478e+01
3.358127317636425602e+01
3.308408611984554426e+01
3.927095271015767253e+01
2.714399742818902794e+01
2.669165315995485344e+01
5.051329172392741640e+01
4.275185636398361311e+01
3.702765581549490292e+01
4.989535831806203703e+01
3.749875117642880440e+01
2.137561350523799319e+01
1.798116724453422677e+01
2.588008479925476735e+01
2.560104641981085649e+01
2.739937779779890903e+01
6.580983811760843594e+01
5.039865884823591102e+01
4.282893582439733393e+01
2.921080997423621994e+01
1.712521361901319139e+01
3.605688558591025128e+01
4.138650438371402629e+01
2.891819935360609861e+01
3.084942988413106235e+01
3.173723955661318286e+01
4.201872572774573200e+01
4.481602579807456266e+01
5.025030637063431982e+01
5.209258302727569401e+01
3.458965602034390230e+01
2.779417678775812917e+01
3.958019608455324345e+01
1.991906030944770833e+01
2.924099336932054527e+01
3.865479278934743945e+01
1.943712569084401309e+01
4.041959823243148264e+01
4.139600742249493948e+01
1.299680720166425729e+01
0.000000000000000000e+00
0.000000000000000000e+00
0.000000000000000000e+00
0.000000000000000000e+00
0.000000000000000000e+00
0.000000000000000000e+00
