2.370295294000318798e+00
2.367981879782581345e+00
2.365349512259830256e+00
2.363780726272458388e+00
2.362243376843928822e+00
2.358947037729292262e+00
2.357590109298196346e+00
2.355829350716458492e+00
2.354250544351264907e+00
2.351598767527705469e+00
2.349797450076594352e+00
2.348226890355973318e+00
2.346870600600366785e+00
2.343624908046082922e+00
2.341906298084286853e+00
2.338172304671416235e+00
2.336442630309448987e+00
2.334991453864997624e+00
2.333160932065760029e+00
2.332001477443464310e+00
2.329173542462990909e+00
2.327630337339307687e+00
2.326019465278301723e+00
2.323025101908719137e+00
2.321221947228968574e+00
2.319718709091090680e+00
2.318289324961211761e+00
2.315985282184031213e+00
2.314791718861274994e+00
2.313573572435670300e+00
2.311505469803488921e+00
2.309273892256085148e+00
2.309273892256085148e+00
2.308242926976196152e+00
2.306410457226641952e+00
2.305662263342638241e+00
2.304973045908345952e+00
2.304352618045313328e+00
2.303313077509250739e+00
2.302856750614374448e+00
2.302764886844244074e+00
2.302284880355145447e+00
2.301996422510798723e+00
2.301987693518213973e+00
2.302057814992186202e+00
2.302430436701754957e+00
2.302698616090262718e+00
2.303000120278981377e+00
2.303323104158131684e+00
2.303942752316751275e+00
