2.349578090461405644e+00
2.346240899549260739e+00
2.344439917457879829e+00
2.342962363034067685e+00
2.341529015255032320e+00
2.338787095570626029e+00
2.337173207476114456e+00
2.335904288578573684e+00
2.334344991832761451e+00
2.331306320732140946e+00
2.329988407832260577e+00
2.328909697360595388e+00
2.327571315669666241e+00
2.325082414332436009e+00
2.323768404426255429e+00
2.323464180641595433e+00
2.321389921137356538e+00
2.319063140793829803e+00
2.317867444318367554e+00
2.315439214180881500e+00
2.314633407029896617e+00
2.313452991715717388e+00
2.312444593587880348e+00
2.310700767645673892e+00
2.309942702152739002e+00
2.308963878347929821e+00
2.308098814266261734e+00
2.307283821860219852e+00
2.305813171580894050e+00
2.305028196618770231e+00
2.303727489237008541e+00
2.303727489237008541e+00
2.302827324949934251e+00
2.302451641866234411e+00
2.302264604729977293e+00
2.302152664184941244e+00
2.302024077755373987e+00
2.301797301860470490e+00
2.301837624892421275e+00
2.301994223860771349e+00
2.302277213204515505e+00
2.303489261222016360e+00
2.303489261222016360e+00
2.304442247505077646e+00
2.304442247505077646e+00
2.306179523003548226e+00
2.307273893360425987e+00
2.308436230828162294e+00
2.308619984606503195e+00
2.295588494902723653e+00
2.266671684654946617e+00
2.266671684654946617e+00
2.241124983443429919e+00
