2.379037469697493634e+00
2.379037469697493634e+00
2.379037469697493634e+00
2.379037469697493634e+00
2.379037469697493634e+00
2.379037469697493634e+00
2.379037469697493634e+00
2.379037469697493634e+00
2.379037469697493634e+00
2.379037469697493634e+00
2.379037469697493634e+00
2.379037469697493634e+00
2.379037469697493634e+00
2.379037469697493634e+00
2.379037469697493634e+00
2.379037469697493634e+00
2.379037469697493634e+00
2.379037469697493634e+00
2.379037469697493634e+00
2.379037469697493634e+00
2.379037469697493634e+00
2.379037469697493634e+00
2.379037469697493634e+00
2.379037469697493634e+00
2.379037469697493634e+00
2.379037469697493634e+00
2.379037469697493634e+00
2.379037469697493634e+00
2.379037469697493634e+00
2.379037469697493634e+00
2.379037469697493634e+00
2.379037469697493634e+00
2.379037469697493634e+00
2.379037469697493634e+00
2.379037469697493634e+00
2.349832979093804397e+00
2.315826010133577029e+00
2.282402806079772972e+00
2.247291424224044931e+00
2.211362185603888975e+00
2.177074519466941638e+00
2.138016599222396508e+00
2.107134050828847194e+00
2.072459161072401912e+00
2.037226605388013922e+00
2.043669857279439839e+00
2.061801723104679240e+00
2.079827328803247610e+00
2.090657605924377549e+00
2.100238327871721822e+00
2.108935945608436668e+00
2.117867122570942229e+00
2.127282462215873693e+00
