1.695365739890579224e+09
1.695365740045862198e+09
1.695365740126940727e+09
1.695365740199695349e+09
1.695365740294034958e+09
1.695365740519741774e+09
1.695365740619701385e+09
1.695365740720672369e+09
1.695365740769026279e+09
1.695365740919099808e+09
1.695365741012710571e+09
1.695365741080777645e+09
1.695365741159665585e+09
1.695365741320466280e+09
1.695365741401990175e+09
1.695365741560332298e+09
1.695365741640637159e+09
1.695365741800477028e+09
1.695365741887774229e+09
1.695365742042036533e+09
1.695365742121745348e+09
1.695365742201108694e+09
1.695365742282297611e+09
1.695365742454750538e+09
1.695365742532644272e+09
1.695365742683511734e+09
1.695365742758860111e+09
1.695365742842343569e+09
1.695365743001500130e+09
1.695365743099666119e+09
1.695365743247207403e+09
1.695365743247207403e+09
1.695365743400379419e+09
1.695365743479684591e+09
1.695365743560321093e+09
1.695365743758038044e+09
1.695365743836397886e+09
1.695365743995394230e+09
1.695365744081768274e+09
1.695365744166233301e+09
1.695365744235754251e+09
1.695365744523090124e+09
1.695365744523090124e+09
1.695365744705154657e+09
1.695365744705154657e+09
1.695365744958133459e+09
1.695365745116368294e+09
1.695365745298557997e+09
1.695365745446064711e+09
1.695365745523662567e+09
1.695365745703507662e+09
1.695365745703507662e+09
1.695365745868593931e+09
