5.926035850296020508e+05
5.926030970764160156e+05
5.926026134872436523e+05
5.926021308288574219e+05
5.926016608352661133e+05
5.926014094619750977e+05
5.926011460418701172e+05
5.926008994674682617e+05
5.926006457672119141e+05
5.926003913192749023e+05
5.926001278228759766e+05
5.925998778228759766e+05
5.925996279067993164e+05
5.925993721008300781e+05
5.925991172027587891e+05
5.925988125610351562e+05
5.925984800262451172e+05
5.925981702194213867e+05
5.925978361206054688e+05
5.925975118942260742e+05
5.925971771240234375e+05
5.925968382415771484e+05
5.925965244064331055e+05
5.925961825256347656e+05
5.925958675308227539e+05
5.925955404357910156e+05
5.925951657257080078e+05
5.925948137893676758e+05
5.925944318313598633e+05
5.925940892181396484e+05
5.925937140502929688e+05
5.925933511962890625e+05
5.925929760284423828e+05
5.925926196594238281e+05
5.925922528228759766e+05
5.925919232940673828e+05
5.925915802612304688e+05
5.925912224121093750e+05
5.925908568878173828e+05
5.925904963531494141e+05
5.925901437988281250e+05
5.925897826995849609e+05
5.925894038238525391e+05
5.925890452270507812e+05
5.925886971130371094e+05
5.925883732604980469e+05
5.925879815979003906e+05
5.925876217041015625e+05
5.925872427825927734e+05
5.925868657684326172e+05
5.925865046844482422e+05
5.925861459655761719e+05
5.925857681579589844e+05
5.925853847045898438e+05
5.925850369415283203e+05
5.925846804199218750e+05
5.925843115539550781e+05
5.925839180603027344e+05
5.925835340423583984e+05
5.925831737060546875e+05
5.925827801971435547e+05
5.925824060974121094e+05
5.925820297088623047e+05
