4.134143259735107422e+06
4.134143471099853516e+06
4.134143824249267578e+06
4.134144079895019531e+06
4.134144314941406250e+06
4.134144436065673828e+06
4.134145149475097656e+06
4.134145396911621094e+06
4.134145722534179688e+06
4.134146316192626953e+06
4.134146624877929688e+06
4.134146906555175781e+06
4.134147288116455078e+06
4.134147890106201172e+06
4.134148194274902344e+06
4.134148238342285156e+06
4.134148900299072266e+06
4.134149583312988281e+06
4.134150002868652344e+06
4.134150382568359375e+06
4.134150768463134766e+06
4.134151504302978516e+06
4.134151950378417969e+06
4.134152350463867188e+06
4.134153012084960938e+06
4.134153012084960938e+06
4.134154210266113281e+06
4.134154603424072266e+06
4.134155112243652344e+06
4.134155507049560547e+06
4.134156011108398438e+06
4.134156852508544922e+06
4.134157304687500000e+06
4.134157757751464844e+06
4.134158268371582031e+06
4.134158607727050781e+06
4.134159514739990234e+06
4.134160431762695312e+06
4.134160836517333984e+06
4.134161363403320312e+06
4.134161841217041016e+06
4.134162324829101562e+06
4.134163234893798828e+06
4.134163720977783203e+06
4.134164205413818359e+06
4.134165072601318359e+06
4.134165579589843750e+06
4.134166167999267578e+06
4.134167024688720703e+06
4.134167468444824219e+06
4.134168319549560547e+06
4.134168669708251953e+06
4.134169023712158203e+06
4.134169374572753906e+06
4.134169707550048828e+06
