3.547704495803760238e+01
2.685067519650079504e+01
3.824298719987197615e+01
4.108066054792306687e+01
4.824953155902885982e+01
5.474656299133371817e+01
5.525867542319442549e+01
2.144523027612957478e+01
2.454381719495429337e+01
4.530150347235532138e+01
5.988900698995462335e+01
5.073652952042377962e+01
2.020889672506027779e+01
2.029319643502863357e+01
2.471085342933290008e+01
2.476228959611097835e+01
2.846842294085654146e+01
3.197385780975296754e+01
3.196775763044599117e+01
3.061518157451173749e+01
2.102184426298641284e+01
2.167447558470995972e+01
2.209343244639069326e+01
3.116278687791832525e+01
5.795937227923054280e+01
4.000634090538422072e+01
3.075065860933263551e+01
2.917890241478316327e+01
0.000000000000000000e+00
1.703175072734359929e+01
1.562334351338785510e+01
2.064903788192098588e+01
1.208449575324377534e+01
9.838415493650460419e+00
1.284545454545454568e+01
1.942374192712966519e+01
2.685693496752823251e+01
2.234709328714503584e+01
2.810743719584062816e+01
4.474380934675971844e+01
1.666139567291727630e+01
1.708587014008188021e+01
1.395555555555555571e+01
2.362479791270408214e+01
2.655304651776739888e+01
6.197586135652689165e+01
4.575557456923139199e+01
1.486987033731354124e+01
0.000000000000000000e+00
5.233333333333333393e+00
0.000000000000000000e+00
1.724884549881607754e+01
0.000000000000000000e+00
0.000000000000000000e+00
0.000000000000000000e+00
