2.379037469697493634e+00
2.379037469697493634e+00
2.379037469697493634e+00
2.379037469697493634e+00
2.379037469697493634e+00
2.379037469697493634e+00
2.379037469697493634e+00
2.379037469697493634e+00
2.379037469697493634e+00
2.379037469697493634e+00
2.379037469697493634e+00
2.379037469697493634e+00
2.379037469697493634e+00
2.379037469697493634e+00
2.379037469697493634e+00
2.379037469697493634e+00
2.379037469697493634e+00
2.379037469697493634e+00
2.379037469697493634e+00
2.379037469697493634e+00
2.379037469697493634e+00
2.379037469697493634e+00
2.379037469697493634e+00
2.379037469697493634e+00
2.379037469697493634e+00
2.379037469697493634e+00
2.379037469697493634e+00
2.379037469697493634e+00
2.379037469697493634e+00
2.379037469697493634e+00
2.379037469697493634e+00
2.379037469697493634e+00
2.379037469697493634e+00
2.379037469697493634e+00
2.354520941524356203e+00
2.323603239404690157e+00
2.291546236979513651e+00
2.262757732134872413e+00
2.230106045842887852e+00
2.200154005927004164e+00
2.169070122556604474e+00
2.138841113889498047e+00
2.107316211045997534e+00
2.077684283090661665e+00
2.080354368378891650e+00
2.086335828140875037e+00
2.092691462033116068e+00
2.098619392257603522e+00
2.104507641382156180e+00
2.110610008656692571e+00
2.116388801861290858e+00
2.122654953541598388e+00
2.128278750771954719e+00
2.134294032679520114e+00
2.139134594239351372e+00
2.144715514576489568e+00
2.149842099635179693e+00
2.154987593137462909e+00
2.160161848779296179e+00
2.165046885128987242e+00
2.170389186234302770e+00
2.175227617265278468e+00
2.180433830839945131e+00
2.185564144324132485e+00
