4.134141825897216797e+06
4.134141965484619141e+06
4.134142109375000000e+06
4.134142365631103516e+06
4.134142529510498047e+06
4.134142642517089844e+06
4.134142785644531250e+06
4.134143032165527344e+06
4.134143184082031250e+06
4.134143308471679688e+06
4.134143483215332031e+06
4.134143811248779297e+06
4.134143980804443359e+06
4.134144138702392578e+06
4.134144231262207031e+06
4.134144539428710938e+06
4.134144935180664062e+06
4.134145168579101562e+06
4.134145381103515625e+06
4.134145831970214844e+06
4.134146065429687500e+06
4.134146245086669922e+06
4.134146491638183594e+06
4.134146749084472656e+06
4.134147011535644531e+06
4.134147458892822266e+06
4.134148023895263672e+06
4.134148315216064453e+06
4.134148610473632812e+06
4.134149218505859375e+06
4.134149543884277344e+06
4.134149920959472656e+06
4.134150175598144531e+06
4.134150845642089844e+06
4.134151218292236328e+06
4.134151992523193359e+06
4.134152334075927734e+06
4.134152776367187500e+06
4.134153173461914062e+06
4.134153573608398438e+06
4.134153978668212891e+06
4.134154817474365234e+06
4.134155305969238281e+06
4.134155688476562500e+06
4.134156459197998047e+06
4.134156909027099609e+06
4.134157423522949219e+06
4.134158245056152344e+06
4.134158781127929688e+06
4.134159313446044922e+06
4.134159733215332031e+06
4.134161186584472656e+06
4.134161186584472656e+06
4.134161646057128906e+06
4.134161814697265625e+06
4.134162766632080078e+06
4.134163122344970703e+06
4.134163470336914062e+06
4.134164094360351562e+06
4.134164452789306641e+06
4.134164762512207031e+06
4.134165066101074219e+06
4.134165652038574219e+06
4.134165935363769531e+06
