2.304912556822930725e+00
2.304280828504889911e+00
2.303703080158215677e+00
2.303187807465933545e+00
2.302851472848658432e+00
2.302298606223586397e+00
2.301949245907533914e+00
2.301936401876265137e+00
2.302007415846824223e+00
2.302136939341082211e+00
2.302743938183676065e+00
2.303189321576152970e+00
2.304105681353440183e+00
2.304466558731236958e+00
2.304787692588354808e+00
2.305286550893685060e+00
2.306650598099038163e+00
2.307395004862671684e+00
2.308276101140651626e+00
2.309204927239621341e+00
2.311223617851286605e+00
2.312312509072173228e+00
2.314395541758674568e+00
2.314395541758674568e+00
2.315375992747522815e+00
2.311776138044628226e+00
2.305917420425386055e+00
2.297796567683958457e+00
2.289583260864024084e+00
2.282894211499463921e+00
2.276032318501668428e+00
2.275318772375072740e+00
2.276508068053678890e+00
2.281646678684715823e+00
2.281646678684715823e+00
2.281545309680594436e+00
2.280086971324880807e+00
2.279804372624351316e+00
2.283958511833049876e+00
2.288013377352104527e+00
2.294902020112446372e+00
2.303245126241519003e+00
2.318181859804110623e+00
2.325715938810079209e+00
