4.134146439208984375e+06
4.134146728424072266e+06
4.134146950500488281e+06
4.134146950500488281e+06
4.134146950500488281e+06
4.134147293334960938e+06
4.134147711364746094e+06
4.134148120269775391e+06
4.134148591308593750e+06
4.134148966888427734e+06
4.134149394012451172e+06
4.134149794647216797e+06
4.134150204956054688e+06
4.134150610107421875e+06
4.134150610107421875e+06
4.134151093505859375e+06
4.134151614807128906e+06
4.134152202575683594e+06
4.134152746093750000e+06
4.134153308349609375e+06
4.134153857727050781e+06
4.134154411285400391e+06
4.134154968200683594e+06
4.134155528747558594e+06
4.134155798461914062e+06
4.134156254699707031e+06
4.134156792602539062e+06
4.134157338104248047e+06
4.134157866271972656e+06
4.134158422973632812e+06
4.134158952270507812e+06
4.134159478698730469e+06
4.134160019531250000e+06
4.134160571380615234e+06
4.134161132202148438e+06
4.134161577850341797e+06
4.134162053619384766e+06
4.134162580261230469e+06
4.134163072937011719e+06
4.134163577911376953e+06
4.134164082427978516e+06
4.134164576843261719e+06
4.134165067718505859e+06
4.134165582580566406e+06
4.134166100158691406e+06
4.134166525817871094e+06
4.134167021179199219e+06
4.134167480529785156e+06
4.134168015319824219e+06
4.134168524230957031e+06
4.134168998535156250e+06
4.134169460845947266e+06
4.134169936614990234e+06
4.134170419647216797e+06
4.134170887023925781e+06
