5.926223099594116211e+05
5.926221764602661133e+05
5.926220574264526367e+05
5.926217659378051758e+05
5.926216181488037109e+05
5.926214623565673828e+05
5.926213063888549805e+05
5.926211692199707031e+05
5.926208876342773438e+05
5.926205398864746094e+05
5.926203362121582031e+05
5.926201688842773438e+05
5.926199697570800781e+05
5.926197573928833008e+05
5.926192768402099609e+05
5.926190414505004883e+05
5.926186374053955078e+05
5.926183446426391602e+05
5.926178435745239258e+05
5.926178435745239258e+05
5.926173317489624023e+05
5.926169853744506836e+05
5.926167354431152344e+05
5.926164121246337891e+05
5.926157983779907227e+05
5.926154862899780273e+05
5.926152124557495117e+05
5.926150557708740234e+05
5.926143034133911133e+05
5.926139764328002930e+05
5.926136429595947266e+05
5.926132977981567383e+05
5.926125716323852539e+05
5.926121931457519531e+05
5.926114005889892578e+05
5.926109853134155273e+05
5.926105634307861328e+05
5.926105098342895508e+05
5.926096923904418945e+05
5.926089089279174805e+05
5.926083953628540039e+05
5.926078738098144531e+05
5.926074029388427734e+05
5.926065024795532227e+05
5.926060165023803711e+05
5.926055271759033203e+05
5.926046680145263672e+05
5.926041754302978516e+05
5.926036739807128906e+05
5.926031565475463867e+05
5.926022730712890625e+05
5.926018511047363281e+05
5.926015342254638672e+05
5.926009607162475586e+05
5.926006584396362305e+05
5.926003602218627930e+05
5.925998428573608398e+05
