5.926161792984008789e+05
5.926159098052978516e+05
5.926156241455078125e+05
5.926153598861694336e+05
5.926150776824951172e+05
5.926148043823242188e+05
5.926145366363525391e+05
5.926142554168701172e+05
5.926139260864257812e+05
5.926135559692382812e+05
5.926131643371582031e+05
5.926128058929443359e+05
5.926124381103515625e+05
5.926120580902099609e+05
5.926116955261230469e+05
5.926113108673095703e+05
5.926109448471069336e+05
5.926105783691406250e+05
5.926101868438720703e+05
5.926097476119995117e+05
5.926093249511718750e+05
5.926088755416870117e+05
5.926084407348632812e+05
5.926080001144409180e+05
5.926075863494873047e+05
5.926071417388916016e+05
5.926066982574462891e+05
5.926065897903442383e+05
5.926061291885375977e+05
5.926056176910400391e+05
5.926050596313476562e+05
5.926045196380615234e+05
5.926039808654785156e+05
5.926034412078857422e+05
5.926029117279052734e+05
5.926023730239868164e+05
5.926018029632568359e+05
5.926016048431396484e+05
5.926013689117431641e+05
5.926010912475585938e+05
5.926008067474365234e+05
5.926005293121337891e+05
5.926002409362792969e+05
5.925999694595336914e+05
5.925996861419677734e+05
5.925994066543579102e+05
5.925991140441894531e+05
5.925988326568603516e+05
5.925985331954956055e+05
5.925981660079956055e+05
5.925978295288085938e+05
5.925974818191528320e+05
5.925971230010986328e+05
5.925967785034179688e+05
5.925964130859375000e+05
5.925960596542358398e+05
5.925957262191772461e+05
5.925953636779785156e+05
5.925950462265014648e+05
5.925946880035400391e+05
5.925943329086303711e+05
5.925939690017700195e+05
5.925936090011596680e+05
5.925932413177490234e+05
5.925928835144042969e+05
5.925925198898315430e+05
5.925921572113037109e+05
5.925918087921142578e+05
5.925914814910888672e+05
5.925911069488525391e+05
5.925907443084716797e+05
5.925903771514892578e+05
5.925900092468261719e+05
