4.134140983673095703e+06
4.134141116821289062e+06
4.134141371276855469e+06
4.134141515106201172e+06
4.134141686096191406e+06
4.134141848785400391e+06
4.134142181701660156e+06
4.134142373443603516e+06
4.134142596069335938e+06
4.134142699523925781e+06
4.134143055572509766e+06
4.134143520935058594e+06
4.134143729248046875e+06
4.134143969726562500e+06
4.134144243194580078e+06
4.134144725036621094e+06
4.134144966949462891e+06
4.134145177612304688e+06
4.134145653808593750e+06
4.134145893859863281e+06
4.134146099792480469e+06
4.134146330139160156e+06
4.134146778930664062e+06
4.134147027801513672e+06
4.134147246978759766e+06
4.134147439758300781e+06
4.134147885498046875e+06
4.134148111083984375e+06
4.134148369567871094e+06
4.134148487243652344e+06
4.134149077392578125e+06
4.134149352844238281e+06
4.134149638427734375e+06
4.134149963439941406e+06
4.134150514465332031e+06
4.134150812835693359e+06
4.134151150939941406e+06
4.134151648315429688e+06
4.134152010803222656e+06
4.134152346191406250e+06
4.134152700592041016e+06
4.134153381195068359e+06
4.134153800292968750e+06
4.134154131317138672e+06
4.134154515686035156e+06
4.134155303039550781e+06
4.134155705932617188e+06
4.134156166687011719e+06
4.134156856414794922e+06
4.134157243957519531e+06
4.134157696929931641e+06
4.134158622039794922e+06
4.134159087860107422e+06
4.134159560852050781e+06
4.134160038909912109e+06
4.134160944183349609e+06
4.134161489288330078e+06
4.134161979309082031e+06
4.134162474609375000e+06
4.134163350646972656e+06
4.134163854217529297e+06
4.134164363922119141e+06
4.134165326080322266e+06
4.134165700592041016e+06
4.134166113555908203e+06
4.134166827148437500e+06
4.134167183441162109e+06
4.134167543304443359e+06
4.134167906127929688e+06
4.134142402526855469e+06
4.134142402526855469e+06
4.134142402526855469e+06
4.134142402923583984e+06
4.134142405792236328e+06
4.134142415557861328e+06
4.134142456329345703e+06
4.134142492492675781e+06
4.134142540100097656e+06
4.134142601501464844e+06
4.134142754211425781e+06
4.134142865295410156e+06
