-3.216625931155708162e+00
-3.133389662784890284e+00
-2.984478754906251918e+00
-2.857944555559036370e+00
-2.765637638894825834e+00
-2.669989197737462128e+00
-2.564081822296389035e+00
-2.446838058051488574e+00
-2.362898784408898223e+00
-2.330573022482067991e+00
-2.221937114637939192e+00
-2.107003027090789349e+00
-2.063681452474529721e+00
-2.029077204639266441e+00
-1.936374874549871894e+00
-1.816857483789061423e+00
-1.748732090570105147e+00
-1.673652894623634424e+00
-1.596524092307674225e+00
-1.528258204869541670e+00
-1.395192786832300635e+00
-1.354640963938621656e+00
-1.285632420420487643e+00
-1.198141758667505608e+00
-1.094086905778279384e+00
-1.016420772342653933e+00
-9.617263163686686767e-01
-8.672469547776748833e-01
-7.745334525488202226e-01
-6.919179693190075087e-01
-5.925380290705193342e-01
-5.339858080510836436e-01
-4.893117098976983437e-01
-4.250554776832428105e-01
-3.315302963800249580e-01
-2.383689148812047909e-01
-1.604489877536835196e-01
-6.512028859621071808e-02
6.428969740178426887e-03
5.541388124941101084e-02
1.346936399733129619e-01
2.183377410215777970e-01
2.916755281628899410e-01
3.535197570241694343e-01
4.079992168638433281e-01
4.398648525788817487e-01
4.695924042856480796e-01
4.905236567449182683e-01
5.239561204575720055e-01
5.708537890919139768e-01
5.773823609061364825e-01
5.937282336973426222e-01
5.633629318093374971e-01
-2.008531250675023028e-01
-4.970910181487741220e+00
-5.714320983983092184e+00
-4.495819354946196889e+00
-2.454664201904514176e+00
-6.866480964744232640e-01
5.296436862147896329e-01
1.363882609589469164e+00
1.437763131001323913e+00
9.179516217313453685e-01
5.838215377457283556e-02
-4.124682096340596127e-01
-6.820713423302475764e-01
-5.779416513554741508e-01
-3.143052471077505405e-01
6.673035682056972784e-02
3.985682647462751027e-01
3.911399567745480477e-01
3.751086673328595245e-01
4.227094656233639225e-01
4.996702053907960406e-01
6.118835708885727032e-01
6.883896117667008818e-01
7.108720711907678957e-01
7.134426732869185717e-01
7.347570862344624532e-01
7.395119869043315086e-01
6.983631838829778005e-01
6.807902087125879964e-01
6.632103771802931869e-01
6.850211660125885560e-01
7.607810672216284154e-01
7.853997143618868249e-01
8.090444923023323298e-01
7.840745205003375462e-01
7.774277560409437182e-01
8.376005932765782092e-01
7.989347148438926682e-01
7.575598250418658086e-01
7.273787848170996106e-01
7.444717774429878698e-01
7.255301207301589894e-01
1.188630096006301873e+00
1.418043449576365411e+00
1.785423315188593429e+00
