4.134142931671142578e+06
4.134143183410644531e+06
4.134143431396484375e+06
4.134143677856445312e+06
4.134143935302734375e+06
4.134144180816650391e+06
4.134144451232910156e+06
4.134144760101318359e+06
4.134145124053955078e+06
4.134145505645751953e+06
4.134145889648437500e+06
4.134146239471435547e+06
4.134146634338378906e+06
4.134146984191894531e+06
4.134147362060546875e+06
4.134147577270507812e+06
4.134147577270507812e+06
4.134147982818603516e+06
4.134148452239990234e+06
4.134148911102294922e+06
4.134149389343261719e+06
4.134149882995605469e+06
4.134150341400146484e+06
4.134150823120117188e+06
4.134151282989501953e+06
4.134151596221923828e+06
4.134151596221923828e+06
4.134152094573974609e+06
4.134152674316406250e+06
4.134153281127929688e+06
4.134153846343994141e+06
4.134154452331542969e+06
4.134155029846191406e+06
4.134155632995605469e+06
4.134156240234375000e+06
4.134156688354492188e+06
4.134156688354492188e+06
4.134157124114990234e+06
4.134157659606933594e+06
4.134158159484863281e+06
4.134158711029052734e+06
4.134159230804443359e+06
4.134159756286621094e+06
4.134160267242431641e+06
4.134160803710937500e+06
4.134161346740722656e+06
4.134161846679687500e+06
4.134162294708251953e+06
4.134162799133300781e+06
4.134163300628662109e+06
4.134163780059814453e+06
4.134164267395019531e+06
4.134164741394042969e+06
4.134165242828369141e+06
4.134165754913330078e+06
4.134166215545654297e+06
4.134166728485107422e+06
4.134167135314941406e+06
4.134167626251220703e+06
4.134168116546630859e+06
4.134168583923339844e+06
4.134169064056396484e+06
4.134169554840087891e+06
4.134170009704589844e+06
4.134170503540039062e+06
4.134170993225097656e+06
4.134171459625244141e+06
4.134171887847900391e+06
4.134172360656738281e+06
4.134172846740722656e+06
4.134173323608398438e+06
4.134173813171386719e+06
4.134174298065185547e+06
4.134174783386230469e+06
4.134175261413574219e+06
4.134175729309082031e+06
4.134176216430664062e+06
