4.134142803222656250e+06
4.134142947387695312e+06
4.134143098205566406e+06
4.134143432922363281e+06
4.134143606536865234e+06
4.134143789825439453e+06
4.134144007476806641e+06
4.134144185272216797e+06
4.134144394653320312e+06
4.134144954864501953e+06
4.134145190246582031e+06
4.134145429931640625e+06
4.134145706604003906e+06
4.134146198272705078e+06
4.134146500701904297e+06
4.134146772094726562e+06
4.134147011016845703e+06
4.134147285705566406e+06
4.134147562805175781e+06
4.134148296020507812e+06
4.134148657348632812e+06
4.134148951354980469e+06
4.134149332550048828e+06
4.134149974700927734e+06
4.134150363464355469e+06
4.134150675720214844e+06
4.134151096221923828e+06
4.134151760070800781e+06
4.134152146545410156e+06
4.134152539154052734e+06
4.134153346191406250e+06
4.134153766479492188e+06
4.134154254486083984e+06
4.134154648803710938e+06
4.134155106323242188e+06
4.134156044433593750e+06
4.134156526000976562e+06
4.134156951477050781e+06
4.134157317474365234e+06
4.134158557922363281e+06
4.134159057922363281e+06
4.134159563903808594e+06
4.134160146911621094e+06
4.134161151062011719e+06
4.134161771911621094e+06
4.134162265441894531e+06
4.134162915893554688e+06
4.134163509765625000e+06
4.134164574127197266e+06
4.134165190124511719e+06
4.134165806549072266e+06
4.134167040466308594e+06
4.134167657775878906e+06
4.134168198516845703e+06
4.134168897155761719e+06
4.134170074768066406e+06
4.134170792114257812e+06
4.134171438171386719e+06
4.134172583618164062e+06
4.134173246765136719e+06
4.134173914245605469e+06
4.134174584777832031e+06
4.134175930419921875e+06
4.134176604522705078e+06
4.134177278778076172e+06
4.134177953399658203e+06
4.134179304992675781e+06
4.134179982421875000e+06
4.134180236877441406e+06
4.134181341491699219e+06
4.134182620300292969e+06
4.134183300048828125e+06
4.134183974334716797e+06
