5.926186562805175781e+05
5.926185447311401367e+05
5.926184313125610352e+05
5.926183088378906250e+05
5.926181975479125977e+05
5.926180820846557617e+05
5.926179635772705078e+05
5.926178483886718750e+05
5.926176630249023438e+05
5.926174684524536133e+05
5.926172596435546875e+05
5.926170534286499023e+05
5.926168388366699219e+05
5.926166404876708984e+05
5.926164305725097656e+05
5.926162333908081055e+05
5.926160197982788086e+05
5.926158154907226562e+05
5.926155585021972656e+05
5.926152474517822266e+05
5.926149380416870117e+05
5.926146293029785156e+05
5.926143366165161133e+05
5.926140224304199219e+05
5.926137237091064453e+05
5.926134275436401367e+05
5.926131224365234375e+05
5.926128087081909180e+05
5.926124378585815430e+05
5.926120074386596680e+05
5.926115599899291992e+05
5.926111484680175781e+05
5.926107214660644531e+05
5.926102798614501953e+05
5.926098491516113281e+05
5.926094338378906250e+05
5.926089856719970703e+05
5.926086584014892578e+05
5.926082511444091797e+05
5.926077701187133789e+05
5.926072781829833984e+05
5.926068049774169922e+05
5.926063430023193359e+05
5.926058588256835938e+05
5.926053458862304688e+05
5.926048962173461914e+05
5.926044174041748047e+05
5.926044174041748047e+05
5.926041838073730469e+05
5.926039055709838867e+05
5.926036406478881836e+05
5.926033625640869141e+05
5.926030901184082031e+05
5.926028101501464844e+05
5.926025298843383789e+05
5.926022695693969727e+05
5.926019851379394531e+05
5.926017207641601562e+05
5.926014273529052734e+05
5.926010873718261719e+05
5.926007537078857422e+05
5.926004278717041016e+05
5.926000795898437500e+05
5.925997467956542969e+05
5.925994171676635742e+05
5.925990937042236328e+05
5.925987574462890625e+05
5.925984243927001953e+05
5.925980982589721680e+05
5.925976878509521484e+05
5.925973331375122070e+05
5.925969459075927734e+05
5.925965909042358398e+05
5.925962098083496094e+05
5.925958512344360352e+05
5.925954706192016602e+05
5.925951130371093750e+05
5.925947481689453125e+05
