4.134143888946533203e+06
4.134144119903564453e+06
4.134144638427734375e+06
4.134144869079589844e+06
4.134145176025390625e+06
4.134145419189453125e+06
4.134145975494384766e+06
4.134146287963867188e+06
4.134146601959228516e+06
4.134146925445556641e+06
4.134147616546630859e+06
4.134147973114013672e+06
4.134148339904785156e+06
4.134148710693359375e+06
4.134149417114257812e+06
4.134149851470947266e+06
4.134149949340820312e+06
4.134150992218017578e+06
4.134151406555175781e+06
4.134151824859619141e+06
4.134152243072509766e+06
4.134152656250000000e+06
4.134153461212158203e+06
4.134153853759765625e+06
4.134154234863281250e+06
4.134154919189453125e+06
4.134155274658203125e+06
4.134155577270507812e+06
4.134156177001953125e+06
4.134156491699218750e+06
4.134156801025390625e+06
4.134157103759765625e+06
4.134157623718261719e+06
4.134157894775390625e+06
4.134158108703613281e+06
4.134158301940917969e+06
