0.000000000000000000e+00
0.000000000000000000e+00
0.000000000000000000e+00
0.000000000000000000e+00
0.000000000000000000e+00
4.032348614050139446e+01
4.160821927329488545e+01
5.887499999999999289e+00
2.672090306655963587e+01
5.416538575885505225e+01
5.187158037645171049e+01
6.174050743556316689e+01
1.017124911703845136e+01
1.649040836874093685e+01
2.883141679278978131e+01
1.868940757082461701e+01
2.649600340223175365e+01
4.958915038243297602e+01
6.148542860756258221e+01
4.701362705761221861e+01
4.615952133820910319e+01
1.758304405984612373e+01
1.757188839692620519e+01
2.068835224781076221e+01
5.089088235222887135e+01
4.978373081534563482e+01
4.354078559555774319e+01
5.116277896019800409e+01
4.068520311351412033e+01
1.967548686182394491e+01
2.180368508954826368e+01
1.648737357126493563e+01
1.848950275910779695e+01
2.436887414042701394e+01
4.496296985919137512e+01
3.649793385261938283e+01
2.719001356378370104e+01
3.980504295258040059e+01
2.598350705163034036e+01
1.877494785529342636e+01
3.182583877516691473e+01
1.763876009175242388e+01
4.548826196087714635e+01
2.887221324809732792e+01
4.773711851005425899e+01
5.370218686165227950e+01
6.863366100399382219e+01
3.631330521036683479e+01
2.214669872300912701e+01
2.091933494035136221e+01
1.983813267929077639e+01
1.928364185215415816e+01
1.819016062335768069e+01
1.424451223686522816e+01
2.300123131022537848e+01
2.707836498986450380e+01
4.027980007438546295e+01
5.233333333333332504e+00
0.000000000000000000e+00
9.812500000000000000e+00
0.000000000000000000e+00
1.570000000000000107e+01
2.437755279479143766e+01
2.242794866201460380e+01
1.750703277183993123e+01
1.315660957854184154e+01
9.287669771101878524e+00
0.000000000000000000e+00
5.685023521342449371e+00
3.856254280411162227e+01
2.251602202719276846e+01
5.544494718575649905e+00
0.000000000000000000e+00
0.000000000000000000e+00
