-3.139928837895236580e+00
-3.094442899223707411e+00
-3.895511547151663478e+00
-4.127284789316579605e+00
-4.035907123724618906e+00
-3.950670130199916308e+00
-3.825525112040938147e+00
-3.814730746931808802e+00
-3.776218923518610104e+00
-3.673899324300661462e+00
-3.544636436529074786e+00
-3.412380009427189886e+00
-3.256395468123277848e+00
-3.106793637444049239e+00
-3.039507181288256366e+00
-2.943706120267808313e+00
-2.736283220366474644e+00
-2.611828197886289615e+00
-2.635729293818060537e+00
-2.569163418648165553e+00
-2.459782766088703720e+00
-2.324022299087557641e+00
-2.264316139681107121e+00
-2.180790605933057513e+00
-2.084682546678538806e+00
-2.006905187150719971e+00
-1.962260163350767250e+00
-1.865849677368458082e+00
-1.824117665379854092e+00
-1.779502730969862334e+00
-1.599461724399716900e+00
-1.466963495027004738e+00
-1.450782497563058326e+00
-1.336366031698596135e+00
-1.219219688621210995e+00
-1.195837060877873226e+00
-1.134627005416356305e+00
-1.054810628623956248e+00
-9.975157634015232588e-01
-9.605306081044681088e-01
-8.165858142702804301e-01
-7.425567775091388434e-01
-6.425074225115113835e-01
-5.648258077788013143e-01
-5.348725081193268505e-01
-4.699857118499576325e-01
-3.412902904666111348e-01
-2.884937925824550553e-01
-2.263981078285271509e-01
-1.571470863754077518e-01
-8.147993246850450400e-02
2.301426983046918687e-03
9.592921102303493541e-02
1.851687446807798454e-01
2.405543855326676972e-01
2.734959766815677207e-01
3.078144252675149573e-01
3.493779146880254260e-01
3.802785032708041468e-01
3.470777197564041683e-01
3.884821920984159460e-01
4.619696356754534605e-01
4.883771626113293518e-01
5.491173915833997832e-01
6.324203363215540330e-01
6.574864300371435766e-01
6.621218848545316060e-01
6.432622782689564334e-01
6.334566530018752584e-01
2.961796387576332568e-01
8.883704011055112426e-01
-1.287274952724047461e+00
-7.814109125479463680e-01
-2.060108491755114013e+00
-2.602533607471537724e+00
-1.978670364353399380e+00
-3.500294942550413180e-01
5.406816100882541498e+00
