4.134152232055664062e+06
4.134152667724609375e+06
4.134153118377685547e+06
4.134153575866699219e+06
4.134153927856445312e+06
4.134154707611083984e+06
4.134155695526123047e+06
4.134156198486328125e+06
4.134156643981933594e+06
4.134157215576171875e+06
4.134158234680175781e+06
4.134158687377929688e+06
4.134159781646728516e+06
4.134160230712890625e+06
4.134160614715576172e+06
4.134161127746582031e+06
4.134162161743164062e+06
4.134162680541992188e+06
4.134163200469970703e+06
4.134163721984863281e+06
4.134164776855468750e+06
4.134165372772216797e+06
4.134166384674072266e+06
4.134166384674072266e+06
4.134166796386718750e+06
4.134168181335449219e+06
4.134168816070556641e+06
4.134169377960205078e+06
4.134169938354492188e+06
4.134170496765136719e+06
4.134171601806640625e+06
4.134172143493652344e+06
4.134172678466796875e+06
4.134173673309326172e+06
4.134173673309326172e+06
4.134174916503906250e+06
4.134175384277343750e+06
4.134175786987304688e+06
4.134176244079589844e+06
4.134177107055664062e+06
4.134177511901855469e+06
4.134177896362304688e+06
4.134178615356445312e+06
4.134179045959472656e+06
