4.134142231597900391e+06
4.134142478332519531e+06
4.134142734039306641e+06
4.134142986358642578e+06
4.134143248992919922e+06
4.134143491210937500e+06
4.134143757171630859e+06
4.134144007904052734e+06
4.134144255920410156e+06
4.134144586364746094e+06
4.134144946716308594e+06
4.134145311584472656e+06
4.134145680267333984e+06
4.134146056152343750e+06
4.134146431823730469e+06
4.134146782836914062e+06
4.134147151367187500e+06
4.134147513061523438e+06
4.134147896759033203e+06
4.134148240051269531e+06
4.134148651336669922e+06
4.134149041198730469e+06
4.134149440795898438e+06
4.134149845520019531e+06
4.134150236938476562e+06
4.134150643676757812e+06
4.134151017272949219e+06
4.134151417999267578e+06
4.134151819274902344e+06
4.134152176788330078e+06
4.134152585052490234e+06
4.134152977355957031e+06
4.134153364807128906e+06
4.134153775939941406e+06
4.134154166503906250e+06
4.134154551788330078e+06
4.134154951354980469e+06
4.134155181579589844e+06
4.134155181579589844e+06
4.134155598541259766e+06
4.134156141174316406e+06
4.134156626953125000e+06
4.134157151611328125e+06
4.134157700622558594e+06
4.134158205688476562e+06
4.134158718261718750e+06
4.134159210632324219e+06
4.134159731414794922e+06
4.134159986938476562e+06
4.134160423614501953e+06
4.134160974853515625e+06
4.134161521942138672e+06
4.134162091003417969e+06
4.134162628417968750e+06
4.134163166717529297e+06
4.134163707427978516e+06
4.134164238403320312e+06
4.134164782562255859e+06
4.134165331268310547e+06
4.134165764038085938e+06
4.134166276580810547e+06
4.134166767700195312e+06
4.134167256683349609e+06
4.134167848358154297e+06
4.134168305725097656e+06
4.134168809875488281e+06
4.134169279968261719e+06
4.134169770721435547e+06
4.134170304565429688e+06
4.134143215087890625e+06
4.134143215087890625e+06
4.134143215026855469e+06
4.134143214843750000e+06
4.134143214813232422e+06
4.134143214782714844e+06
4.134143214782714844e+06
4.134143214782714844e+06
4.134143214782714844e+06
4.134143214782714844e+06
4.134143214782714844e+06
4.134143214782714844e+06
