1.695365147625524521e+09
1.695365147682780504e+09
1.695365147762289762e+09
1.695365147850148916e+09
1.695365148005443573e+09
1.695365148080631256e+09
1.695365148242320299e+09
1.695365148400702715e+09
1.695365148479906321e+09
1.695365148577375889e+09
1.695365148640507460e+09
1.695365148722801924e+09
1.695365148881056070e+09
1.695365148960972786e+09
1.695365149066626310e+09
1.695365149225293159e+09
1.695365149292209625e+09
1.695365149443171740e+09
1.695365149520683289e+09
1.695365149681070328e+09
1.695365149767601967e+09
1.695365149848808289e+09
1.695365149923810244e+09
1.695365150087368011e+09
1.695365150163376331e+09
1.695365150245323181e+09
1.695365150321327209e+09
1.695365150561432600e+09
1.695365150640450716e+09
1.695365150726461649e+09
1.695365150887845516e+09
1.695365150960674524e+09
1.695365151041197300e+09
1.695365151139421940e+09
1.695365151284051418e+09
1.695365151361950397e+09
1.695365151520585537e+09
1.695365151691682577e+09
1.695365151841223478e+09
1.695365151841223478e+09
1.695365152004801750e+09
1.695365152080752850e+09
1.695365152167171478e+09
1.695365152241864920e+09
1.695365152322929621e+09
1.695365152480806828e+09
1.695365152563863754e+09
1.695365152745916843e+09
1.695365152894267321e+09
1.695365152974751234e+09
1.695365153053994417e+09
1.695365153165070772e+09
1.695365153215181112e+09
1.695365153375387192e+09
1.695365153461509466e+09
1.695365153540490389e+09
1.695365153693929434e+09
1.695365153868312359e+09
1.695365153934938908e+09
1.695365154096283674e+09
1.695365154179559946e+09
1.695365154261172771e+09
1.695365154416659594e+09
1.695365154416659594e+09
1.695365154573848724e+09
1.695365154662733316e+09
1.695365154734211445e+09
1.695365154923763514e+09
1.695365155080232620e+09
1.695365155163900614e+09
1.695365155240264893e+09
1.695365155328595877e+09
1.695365155480352879e+09
1.695365155563693762e+09
1.695365155641917706e+09
1.695365155730983973e+09
1.695365155881320238e+09
