2.363409278569394090e+00
2.361666720569932210e+00
2.360223320769557986e+00
2.358537009534259710e+00
2.355175087151439861e+00
2.353460749614314729e+00
2.351094618615399590e+00
2.348132425297086101e+00
2.346329433949733811e+00
2.344558706526315817e+00
2.342851555840426592e+00
2.341128445895646948e+00
2.337898429073225870e+00
2.336212068435715494e+00
2.334434709434313859e+00
2.331348984669547875e+00
2.329516010320064723e+00
2.328007442057102416e+00
2.326565354161232335e+00
2.323879200394404876e+00
2.322113474848919168e+00
2.320619193182725581e+00
2.319086162632028270e+00
2.316475608504723560e+00
2.315062152774222781e+00
2.313960016865252101e+00
2.312734286250245574e+00
2.310695417463936252e+00
2.309626484122731860e+00
2.308571966025446898e+00
2.306753672555435841e+00
2.306024579301905852e+00
2.305418204496118229e+00
2.304896608758024712e+00
2.303648932164266583e+00
2.303027180950649289e+00
2.302262327724058366e+00
2.301969635776982770e+00
2.302048442276844575e+00
2.302048442276844575e+00
2.302363813112295432e+00
2.302558906396114935e+00
2.302821964223327633e+00
2.303189074668669178e+00
2.303673128314360774e+00
2.304960895745656657e+00
2.305764727175205309e+00
2.306218131580322073e+00
2.308801217447912002e+00
2.310128440687354789e+00
2.311142114038252871e+00
2.311776954607116075e+00
2.312481893769485097e+00
2.314142386577691113e+00
2.315290897567985340e+00
2.316084966381152910e+00
2.302813006170206123e+00
2.292972087445765084e+00
2.282595369813553710e+00
2.270560151666151327e+00
2.268700316451561783e+00
2.269111417111253637e+00
2.273477171756235649e+00
2.273477171756235649e+00
2.276849014466630017e+00
2.277277529261963807e+00
2.276721991387571364e+00
2.276140616590438093e+00
2.273639370936963999e+00
2.273167609873549821e+00
2.273307537913826337e+00
2.273681868831610942e+00
2.274968075954681979e+00
2.276015551894506217e+00
2.277074115265234511e+00
2.278228477061350787e+00
2.280470131904724695e+00
