2.310550995874358193e+00
2.309537087096361851e+00
2.308697729760164741e+00
2.306849896400199995e+00
2.306048997246032073e+00
2.305287659626634067e+00
2.304569729268285627e+00
2.303351773952484471e+00
2.302877835609884904e+00
2.302474144962525671e+00
2.302367676932439267e+00
2.302123409383826314e+00
2.302126182075023841e+00
2.302260530060481258e+00
2.302446092971192293e+00
2.303037586725121599e+00
2.303557620246482252e+00
2.304119737671179280e+00
2.304794148924715458e+00
2.306329083317754325e+00
2.307622427629254069e+00
2.308589788284837852e+00
2.309593664382759926e+00
2.310644667798710472e+00
2.311691517942524143e+00
2.313813893924684173e+00
2.314948580069888351e+00
2.316136428112295143e+00
2.317144625035561845e+00
2.304968231460119199e+00
2.304968231460119199e+00
2.279911595342932529e+00
2.272934659758887754e+00
2.269641072942249593e+00
2.269563561462253354e+00
2.271436134165677245e+00
2.276875234843118712e+00
2.278768948606224143e+00
2.279458450218093013e+00
2.278142517801413192e+00
2.276899329642878556e+00
2.275490625377930343e+00
2.273887783729388268e+00
2.273982431359298673e+00
2.274782673040308012e+00
2.276074746124347570e+00
2.279010060426451822e+00
2.280619402421475428e+00
2.281852336706307938e+00
2.282860211163542985e+00
