5.926162743759155273e+05
5.926162743759155273e+05
5.926162743759155273e+05
5.926162743759155273e+05
5.926162743759155273e+05
5.926162743759155273e+05
5.926162743759155273e+05
5.926161787719726562e+05
5.926160653381347656e+05
5.926159530334472656e+05
5.926158403167724609e+05
5.926157268829345703e+05
5.926156114044189453e+05
5.926155015716552734e+05
5.926153841018676758e+05
5.926152724685668945e+05
5.926151571502685547e+05
5.926149450988769531e+05
5.926146833114624023e+05
5.926144337615966797e+05
5.926141761322021484e+05
5.926139355163574219e+05
5.926136823730468750e+05
5.926134205932617188e+05
5.926131693344116211e+05
5.926129124832153320e+05
5.926126677780151367e+05
5.926123840637207031e+05
5.926120395050048828e+05
5.926117277908325195e+05
5.926114018707275391e+05
5.926110605468750000e+05
5.926107285156250000e+05
5.926104095153808594e+05
5.926100890579223633e+05
5.926098960113525391e+05
5.926098960113525391e+05
5.926095310211181641e+05
5.926091052551269531e+05
5.926086582489013672e+05
5.926082253036499023e+05
5.926077964401245117e+05
5.926073498306274414e+05
5.926069200439453125e+05
5.926064680175781250e+05
5.926060336303710938e+05
5.926058766937255859e+05
5.926056656875610352e+05
5.926054296340942383e+05
5.926051805877685547e+05
5.926049298553466797e+05
5.926046725769042969e+05
5.926044249801635742e+05
5.926041829223632812e+05
5.926039303894042969e+05
5.926036896057128906e+05
5.926034392013549805e+05
5.926031393203735352e+05
5.926028012313842773e+05
5.926024564132690430e+05
5.926021160583496094e+05
5.926017777175903320e+05
5.926014358749389648e+05
5.926010970077514648e+05
5.926007497558593750e+05
5.926004006729125977e+05
5.926000647125244141e+05
5.925997428512573242e+05
5.925993387756347656e+05
5.925989688568115234e+05
5.925985604400634766e+05
5.925981881561279297e+05
5.925978123092651367e+05
5.925974598541259766e+05
5.925970997772216797e+05
5.925967320251464844e+05
5.925963478393554688e+05
