4.134144983093261719e+06
4.134144983093261719e+06
4.134144983093261719e+06
4.134144983093261719e+06
4.134145220214843750e+06
4.134145506347656250e+06
4.134145792053222656e+06
4.134146066619873047e+06
4.134146347625732422e+06
4.134146628356933594e+06
4.134146916900634766e+06
4.134147190917968750e+06
4.134147474182128906e+06
4.134147685302734375e+06
4.134147987121582031e+06
4.134148328826904297e+06
4.134148698394775391e+06
4.134149047271728516e+06
4.134149411315917969e+06
4.134149759826660156e+06
4.134150110015869141e+06
4.134150235290527344e+06
4.134150235290527344e+06
4.134150235290527344e+06
4.134150622009277344e+06
4.134151078002929688e+06
4.134151532348632812e+06
4.134151983764648438e+06
4.134152441864013672e+06
4.134152925750732422e+06
4.134153326782226562e+06
4.134153788635253906e+06
4.134154004241943359e+06
4.134154004241943359e+06
4.134154439514160156e+06
4.134154987213134766e+06
4.134155554016113281e+06
4.134156062316894531e+06
4.134156638183593750e+06
4.134157166229248047e+06
4.134157714141845703e+06
4.134158247222900391e+06
4.134158803649902344e+06
4.134159327453613281e+06
4.134159766296386719e+06
4.134160261016845703e+06
4.134160786651611328e+06
4.134161276885986328e+06
4.134161763793945312e+06
4.134162268371582031e+06
4.134162746215820312e+06
4.134163264251708984e+06
4.134163729309082031e+06
4.134164226623535156e+06
4.134164671600341797e+06
4.134165191406250000e+06
4.134165668914794922e+06
4.134166148071289062e+06
4.134166629882812500e+06
4.134167084777832031e+06
4.134167582153320312e+06
4.134168032653808594e+06
4.134168517395019531e+06
4.134168994995117188e+06
