5.926179309082031250e+05
5.926176529235839844e+05
5.926173962402343750e+05
5.926171106109619141e+05
5.926168479843139648e+05
5.926165757904052734e+05
5.926163044738769531e+05
5.926160313186645508e+05
5.926157042465209961e+05
5.926153273773193359e+05
5.926149559402465820e+05
5.926145962448120117e+05
5.926142219238281250e+05
5.926138547363281250e+05
5.926134649200439453e+05
5.926131105880737305e+05
5.926127345657348633e+05
5.926123703536987305e+05
5.926119632110595703e+05
5.926115539932250977e+05
5.926111159362792969e+05
5.926106930160522461e+05
5.926102606430053711e+05
5.926098264465332031e+05
5.926094057388305664e+05
5.926089661483764648e+05
5.926085455474853516e+05
5.926081016998291016e+05
5.926076447296142578e+05
5.926071127166748047e+05
5.926066115570068359e+05
5.926060960617065430e+05
5.926055739974975586e+05
5.926050464935302734e+05
5.926045307617187500e+05
5.926040152740478516e+05
5.926034947662353516e+05
5.926032012863159180e+05
5.926029904022216797e+05
5.926027232742309570e+05
5.926024703598022461e+05
5.926022084579467773e+05
5.926019477920532227e+05
5.926016959915161133e+05
5.926014277877807617e+05
5.926011618041992188e+05
5.926009003906250000e+05
5.926006466445922852e+05
5.926003535003662109e+05
5.926000083236694336e+05
5.925996731948852539e+05
5.925993337097167969e+05
5.925989804992675781e+05
5.925986403656005859e+05
5.925983076248168945e+05
5.925979711914062500e+05
5.925976308135986328e+05
5.925972825317382812e+05
5.925969653320312500e+05
5.925966120147705078e+05
5.925962528839111328e+05
5.925959165878295898e+05
5.925955644378662109e+05
5.925952057800292969e+05
5.925948434753417969e+05
5.925944854965209961e+05
5.925941413421630859e+05
5.925937967071533203e+05
5.925934572067260742e+05
5.925931001739501953e+05
5.925927296218872070e+05
5.925923819122314453e+05
5.925920066070556641e+05
5.925916310272216797e+05
5.925912867736816406e+05
5.925909287261962891e+05
5.925905628662109375e+05
5.925902012939453125e+05
5.925898614044189453e+05
5.925894673919677734e+05
5.925891172485351562e+05
5.925887222137451172e+05
5.925883587493896484e+05
5.925879835052490234e+05
5.925875964050292969e+05
5.925872270812988281e+05
5.925868606872558594e+05
5.925864757385253906e+05
5.925861423187255859e+05
5.925857691802978516e+05
5.925853745880126953e+05
5.925849869079589844e+05
5.925845957794189453e+05
5.925842280426025391e+05
5.925838304748535156e+05
5.925834636993408203e+05
5.925830705566406250e+05
5.925826618957519531e+05
