1.695365707763505220e+09
1.695365707843856812e+09
1.695365707923842907e+09
1.695365708014654398e+09
1.695365708163355350e+09
1.695365708255289555e+09
1.695365708328661442e+09
1.695365708404432535e+09
1.695365708484290361e+09
1.695365708735977411e+09
1.695365708804641247e+09
1.695365708965910435e+09
1.695365708965910435e+09
1.695365709122466803e+09
1.695365709205252171e+09
1.695365709283697128e+09
1.695365709377806902e+09
1.695365709523550749e+09
1.695365709606356621e+09
1.695365709765907288e+09
1.695365709977642298e+09
1.695365710004760742e+09
1.695365710095789671e+09
1.695365710247166634e+09
1.695365710334776402e+09
1.695365710404301643e+09
1.695365710494775057e+09
1.695365710564932585e+09
1.695365710725983381e+09
1.695365710914956093e+09
1.695365711046517611e+09
1.695365711046517611e+09
1.695365711234512329e+09
1.695365711284472466e+09
1.695365711444092751e+09
1.695365711525956154e+09
1.695365711606124401e+09
1.695365711683497667e+09
1.695365711846173286e+09
1.695365712009163618e+09
1.695365712163824081e+09
1.695365712243644953e+09
1.695365712324758053e+09
