4.134145298034667969e+06
4.134145430053710938e+06
4.134145561706542969e+06
4.134145697631835938e+06
4.134145827514648438e+06
4.134145964172363281e+06
4.134146098724365234e+06
4.134146168334960938e+06
4.134146398193359375e+06
4.134146676727294922e+06
4.134146961303710938e+06
4.134147244812011719e+06
4.134147529022216797e+06
4.134147789428710938e+06
4.134148081207275391e+06
4.134148359344482422e+06
4.134148630615234375e+06
4.134148663665771484e+06
4.134148979431152344e+06
4.134149366760253906e+06
4.134149744689941406e+06
4.134150111297607422e+06
4.134150504882812500e+06
4.134150894348144531e+06
4.134151261291503906e+06
4.134151638000488281e+06
4.134151665649414062e+06
4.134151665649414062e+06
4.134152168884277344e+06
4.134152737884521484e+06
4.134153328979492188e+06
4.134153932708740234e+06
4.134154544372558594e+06
4.134155099365234375e+06
4.134155615661621094e+06
4.134156212280273438e+06
4.134156781921386719e+06
4.134157378051757812e+06
4.134157620880126953e+06
4.134157865417480469e+06
4.134158109436035156e+06
4.134158350067138672e+06
4.134158582672119141e+06
4.134158815002441406e+06
4.134159065551757812e+06
4.134159293243408203e+06
4.134159543975830078e+06
4.134159777526855469e+06
4.134159811645507812e+06
4.134159821899414062e+06
