5.926247825927734375e+05
5.926246383666992188e+05
5.926244901962280273e+05
5.926242259750366211e+05
5.926240571975708008e+05
5.926239413909912109e+05
5.926237953186035156e+05
5.926235449142456055e+05
5.926233914031982422e+05
5.926232660217285156e+05
5.926230905303955078e+05
5.926227628402709961e+05
5.926225943069458008e+05
5.926224378662109375e+05
5.926223463668823242e+05
5.926220428619384766e+05
5.926216554489135742e+05
5.926214282073974609e+05
5.926212219543457031e+05
5.926207865219116211e+05
5.926205622024536133e+05
5.926203900070190430e+05
5.926201544036865234e+05
5.926199091339111328e+05
5.926196598815917969e+05
5.926192367019653320e+05
5.926187051773071289e+05
5.926184322280883789e+05
5.926181563415527344e+05
5.926175905914306641e+05
5.926172890701293945e+05
5.926169405059814453e+05
5.926167056655883789e+05
5.926160898132324219e+05
5.926157483901977539e+05
5.926150410995483398e+05
5.926147301101684570e+05
5.926143282852172852e+05
5.926139684066772461e+05
5.926136064147949219e+05
5.926132406005859375e+05
5.926124844894409180e+05
5.926120447463989258e+05
5.926117005920410156e+05
5.926110078735351562e+05
5.926106041488647461e+05
5.926101427383422852e+05
5.926094063644409180e+05
5.926089258117675781e+05
5.926084484024047852e+05
5.926080717315673828e+05
5.926067658462524414e+05
5.926067658462524414e+05
5.926063523788452148e+05
5.926062005767822266e+05
5.926053654785156250e+05
5.926050560531616211e+05
5.926047451629638672e+05
5.926041903228759766e+05
5.926038795242309570e+05
5.926036108474731445e+05
5.926033473129272461e+05
5.926028420028686523e+05
5.926025982360839844e+05
