4.134142548675537109e+06
4.134142629364013672e+06
4.134142697235107422e+06
4.134142760498046875e+06
4.134142805999755859e+06
4.134142904907226562e+06
4.134143014038085938e+06
4.134143097778320312e+06
4.134143172149658203e+06
4.134143330139160156e+06
4.134143412261962891e+06
4.134143503051757812e+06
4.134143619934082031e+06
4.134143857513427734e+06
4.134143985992431641e+06
4.134144117553710938e+06
4.134144387268066406e+06
4.134144527191162109e+06
4.134144675659179688e+06
4.134144835906982422e+06
4.134145011413574219e+06
4.134145345550537109e+06
4.134145769653320312e+06
4.134145769653320312e+06
4.134145921112060547e+06
4.134146283752441406e+06
4.134146711334228516e+06
4.134146958312988281e+06
4.134147247253417969e+06
4.134147516601562500e+06
4.134148069427490234e+06
4.134148349914550781e+06
4.134148633300781250e+06
4.134149133972167969e+06
4.134149133972167969e+06
4.134149644042968750e+06
4.134150222839355469e+06
4.134150578002929688e+06
4.134150906494140625e+06
4.134151239318847656e+06
4.134151915954589844e+06
4.134152262207031250e+06
4.134152611419677734e+06
4.134153239257812500e+06
4.134153880218505859e+06
4.134154260559082031e+06
4.134154607513427734e+06
4.134155020874023438e+06
4.134155502014160156e+06
4.134156372100830078e+06
4.134156757019042969e+06
4.134157253936767578e+06
4.134157642242431641e+06
4.134158032012939453e+06
4.134158479125976562e+06
4.134159261352539062e+06
4.134160110046386719e+06
4.134160638061523438e+06
4.134161111938476562e+06
4.134161576354980469e+06
4.134162495208740234e+06
4.134162951446533203e+06
4.134163406524658203e+06
4.134163862762451172e+06
4.134164670227050781e+06
4.134165136352539062e+06
4.134165603118896484e+06
4.134166472961425781e+06
4.134166990509033203e+06
4.134167374267578125e+06
4.134168037261962891e+06
4.134168388854980469e+06
4.134168745147705078e+06
4.134169105224609375e+06
