-4.415304803848435489e-01
-3.800336943551281266e-01
-3.196144356144399734e-01
-2.510806052184430537e-01
-1.763614821091857854e-01
-7.715371122333158915e-02
-6.182277718731066761e-03
4.074156261570952703e-02
6.969868683068450310e-02
1.297751461600905598e-01
2.021014508375896246e-01
2.609777947213683946e-01
3.089955851312168322e-01
3.770470018182250360e-01
4.047405829837833480e-01
4.570038039924499418e-01
4.735266268875996110e-01
4.918170315895387112e-01
5.185910436762912745e-01
5.397220001320915950e-01
5.511230708534671230e-01
5.943026055347950809e-01
6.325679817218854417e-01
-8.947314595813673499e-01
-4.075208718121175799e+00
-4.934603341357187922e+00
-3.979655221407689680e+00
-2.413504091920332328e+00
-1.041719359991208460e+00
-4.240163696612196942e-01
1.259190407240497467e-01
2.687733381911652231e-01
1.810606565925910183e-01
3.494807562331689321e-02
-9.615329231945346500e-02
-1.600470699749898251e-01
-1.078684899290255766e-01
3.748284610576996939e-02
2.047877497246942124e-01
3.479864495305207139e-01
4.649225824251003170e-01
5.356081653201635318e-01
5.465407883003485789e-01
5.519609445149170623e-01
5.519002317901632315e-01
5.621208332907875471e-01
5.890881924754052257e-01
6.903104656629192037e-01
7.103811742825120179e-01
7.606493964246318074e-01
7.349853025001517048e-01
7.398124207249845430e-01
7.386737944710866088e-01
7.251905340893156637e-01
7.025617262081440551e-01
7.047977703534474836e-01
7.567925069709890984e-01
7.897916006181180393e-01
7.708331406067792102e-01
7.413574938611362519e-01
7.508482748494031966e-01
7.717837912589823324e-01
8.295860594918348374e-01
