5.926067944259643555e+05
5.926062906188964844e+05
5.926058284072875977e+05
5.926055458831787109e+05
5.926052934341430664e+05
5.926049850769042969e+05
5.926046790924072266e+05
5.926043612670898438e+05
5.926040600280761719e+05
5.926037561340332031e+05
5.926034468154907227e+05
5.926031389617919922e+05
5.926028298568725586e+05
5.926025085601806641e+05
5.926022026367187500e+05
5.926018526916503906e+05
5.926015052490234375e+05
5.926011491394042969e+05
5.926008112030029297e+05
5.926004691390991211e+05
5.926001064682006836e+05
5.925997696380615234e+05
5.925994166030883789e+05
5.925990711441040039e+05
5.925987250213623047e+05
5.925983618621826172e+05
5.925979705200195312e+05
5.925976115036010742e+05
5.925972404479980469e+05
5.925968655471801758e+05
5.925964819259643555e+05
5.925961095657348633e+05
5.925957270507812500e+05
5.925953662872314453e+05
5.925950357666015625e+05
5.925946566390991211e+05
5.925942935180664062e+05
5.925938992996215820e+05
5.925935322723388672e+05
5.925931842498779297e+05
5.925928131408691406e+05
5.925924548339843750e+05
5.925920772171020508e+05
5.925917158355712891e+05
