4.188214885409418997e+00
2.284127461658921376e+01
2.065348220667346979e+01
1.684801851589680766e+01
1.450000000000000000e+01
1.159999999999999964e+01
0.000000000000000000e+00
0.000000000000000000e+00
0.000000000000000000e+00
0.000000000000000000e+00
0.000000000000000000e+00
0.000000000000000000e+00
0.000000000000000000e+00
0.000000000000000000e+00
0.000000000000000000e+00
0.000000000000000000e+00
0.000000000000000000e+00
0.000000000000000000e+00
0.000000000000000000e+00
0.000000000000000000e+00
0.000000000000000000e+00
0.000000000000000000e+00
0.000000000000000000e+00
0.000000000000000000e+00
0.000000000000000000e+00
0.000000000000000000e+00
0.000000000000000000e+00
0.000000000000000000e+00
0.000000000000000000e+00
0.000000000000000000e+00
0.000000000000000000e+00
0.000000000000000000e+00
0.000000000000000000e+00
0.000000000000000000e+00
0.000000000000000000e+00
0.000000000000000000e+00
0.000000000000000000e+00
0.000000000000000000e+00
0.000000000000000000e+00
0.000000000000000000e+00
0.000000000000000000e+00
0.000000000000000000e+00
0.000000000000000000e+00
0.000000000000000000e+00
0.000000000000000000e+00
0.000000000000000000e+00
0.000000000000000000e+00
0.000000000000000000e+00
1.993716925603243695e+01
8.277780451775610615e+00
1.219239789831606835e+01
4.124087740524606716e+01
4.474747206852464387e+01
2.672626717055337409e+01
3.372946015157602773e+01
2.211865166898869361e+01
4.475427303209487917e+01
5.478788694723147756e+01
3.632908588492977486e+01
5.004709674644418271e+01
5.495108020684537564e+01
5.573041928359397446e+01
5.641454291152333411e+01
4.736806944149636678e+01
