2.379037469697493634e+00
2.379037469697493634e+00
2.379037469697493634e+00
2.379037469697493634e+00
2.379037469697493634e+00
2.379037469697493634e+00
2.379037469697493634e+00
2.379037469697493634e+00
2.379037469697493634e+00
2.379037469697493634e+00
2.379037469697493634e+00
2.379037469697493634e+00
2.379037469697493634e+00
2.356928172815031530e+00
2.328445931493376975e+00
2.301767981796274398e+00
2.274023702406964276e+00
2.245633872774419615e+00
2.219325303517649672e+00
2.191030016103070466e+00
2.164552868750604375e+00
2.135541457324450221e+00
2.108455511351507994e+00
2.109536222113490567e+00
2.112701921676745087e+00
2.115947782388190035e+00
2.119173136759400222e+00
2.122580118715546860e+00
2.125671249768856796e+00
2.128952530522525421e+00
2.132240735494974615e+00
2.135345448669738744e+00
2.138602228341568434e+00
2.142020661890313704e+00
2.145349879543232419e+00
2.148951005941341919e+00
2.152671974587576642e+00
2.156403595878089163e+00
2.160016440184904241e+00
2.164061515533290958e+00
2.167563306023509995e+00
2.171147654506881963e+00
2.174762363026445655e+00
