0.000000000000000000e+00
5.799999999999999822e+00
7.250000000000000000e+00
0.000000000000000000e+00
0.000000000000000000e+00
0.000000000000000000e+00
0.000000000000000000e+00
0.000000000000000000e+00
0.000000000000000000e+00
0.000000000000000000e+00
0.000000000000000000e+00
0.000000000000000000e+00
0.000000000000000000e+00
0.000000000000000000e+00
0.000000000000000000e+00
0.000000000000000000e+00
0.000000000000000000e+00
0.000000000000000000e+00
0.000000000000000000e+00
0.000000000000000000e+00
0.000000000000000000e+00
0.000000000000000000e+00
0.000000000000000000e+00
0.000000000000000000e+00
0.000000000000000000e+00
0.000000000000000000e+00
0.000000000000000000e+00
0.000000000000000000e+00
0.000000000000000000e+00
0.000000000000000000e+00
0.000000000000000000e+00
0.000000000000000000e+00
1.318181818181818166e+01
1.450000000000000000e+01
1.654859973548653684e+01
3.885722940819358939e+01
4.857830501999335127e+01
4.584803922190221215e+01
4.601675829899370029e+01
4.216044857082706443e+01
3.760221601581474715e+01
4.793425440958612427e+01
4.450409482965345376e+01
4.328537607865362702e+01
4.467061262537494315e+01
4.750946310587708865e+01
4.887878117291893432e+01
5.389784514790986947e+01
3.989179534482923373e+01
2.698064283571888566e+01
