4.134154822326660156e+06
4.134155192565917969e+06
4.134155626861572266e+06
4.134156467407226562e+06
4.134157045745849609e+06
4.134157576171875000e+06
4.134158566558837891e+06
4.134158566558837891e+06
4.134159509582519531e+06
4.134160085662841797e+06
4.134160599029541016e+06
4.134161112548828125e+06
4.134162077850341797e+06
4.134162658660888672e+06
4.134163111633300781e+06
4.134163435546875000e+06
4.134164670349121094e+06
4.134165195251464844e+06
4.134166329559326172e+06
4.134166329559326172e+06
4.134167337341308594e+06
4.134167946105957031e+06
4.134168496643066406e+06
4.134169057434082031e+06
4.134169632934570312e+06
4.134171121398925781e+06
4.134171656707763672e+06
4.134172275390625000e+06
4.134172904907226562e+06
4.134173544128417969e+06
4.134174838378906250e+06
4.134175571533203125e+06
4.134176142944335938e+06
4.134176878845214844e+06
4.134178111938476562e+06
4.134178775970458984e+06
4.134179360412597656e+06
4.134180699493408203e+06
4.134181371215820312e+06
4.134182044250488281e+06
4.134182802581787109e+06
4.134183393096923828e+06
4.134184744140625000e+06
4.134185420440673828e+06
4.134186097534179688e+06
4.134186605834960938e+06
4.134188215972900391e+06
4.134188979736328125e+06
4.134189573608398438e+06
4.134190248016357422e+06
4.134191580688476562e+06
4.134192241577148438e+06
4.134192900573730469e+06
4.134193640350341797e+06
4.134194869689941406e+06
4.134194951232910156e+06
4.134196744567871094e+06
4.134197315368652344e+06
4.134198049194335938e+06
4.134198701293945312e+06
4.134199353332519531e+06
4.134200575469970703e+06
4.134201308837890625e+06
