2.379037469697493634e+00
2.379037469697493634e+00
2.379037469697493634e+00
2.379037469697493634e+00
2.379037469697493634e+00
2.379037469697493634e+00
2.379037469697493634e+00
2.379037469697493634e+00
2.379037469697493634e+00
2.379037469697493634e+00
2.379037469697493634e+00
2.379037469697493634e+00
2.379037469697493634e+00
2.379037469697493634e+00
2.379037469697493634e+00
2.379037469697493634e+00
2.379037469697493634e+00
2.379037469697493634e+00
2.379037469697493634e+00
2.379037469697493634e+00
2.379037469697493634e+00
2.379037469697493634e+00
2.379037469697493634e+00
2.379037469697493634e+00
2.379037469697493634e+00
2.379037469697493634e+00
2.379037469697493634e+00
2.354564084733681284e+00
2.325710598758945480e+00
2.297129287845507406e+00
2.268752241386096102e+00
2.240394369686384834e+00
2.211159519046503874e+00
2.182524944911676812e+00
2.153480776604368430e+00
2.124496795737229604e+00
2.095449165320530938e+00
2.096625749881013689e+00
2.100646590463668417e+00
2.104824557549420661e+00
2.108962044586917273e+00
2.112937611431391360e+00
2.116909982482582109e+00
2.121231760266084621e+00
2.125248339791028229e+00
2.129273974063607966e+00
2.133450076936611595e+00
2.136683953423244020e+00
2.140524764317603967e+00
2.144181284465958015e+00
2.148539014923898094e+00
2.152291142554645376e+00
2.155978555371405037e+00
2.159850258934170597e+00
2.163588271811249797e+00
2.167320958366190098e+00
2.171005175389666420e+00
