3.289059132231253102e+01
2.954106066914358664e+01
1.927939024434473936e+01
6.499911926052357103e+01
3.929011366218382051e+01
1.590742638552117860e+01
4.430675030360344380e+01
2.586909424484224829e+01
4.909350554296988633e+01
3.306801193532304950e+01
2.790425964001856585e+01
3.123327160518042689e+01
5.575928274605801249e+01
4.763060099060749053e+01
3.601236551006378761e+01
2.241949371154003856e+01
2.853819535089539272e+01
2.170205931805450561e+01
1.772038140264709227e+01
4.184457356835217468e+01
5.879777167136372640e+01
5.116216749765506933e+01
3.218441724987475538e+01
1.616197543130935088e+01
1.817265459225818702e+01
1.686033777081486917e+01
1.569999999999999929e+01
2.678502284281202606e+01
4.236832749675110676e+01
3.510192555891896404e+01
3.528689716013143141e+01
3.286863510392146281e+01
3.246292301349461695e+01
3.120694719756166080e+01
3.694781670540157847e+01
3.968707772647846355e+01
4.682855233225438951e+01
2.936932978642369108e+01
3.275912391487142372e+01
3.216861758094273682e+01
2.818063852800292679e+01
3.596120790291374192e+01
1.399611014040556078e+01
2.119873310389695931e+01
9.419999999999999929e+00
8.995986586911188354e+00
0.000000000000000000e+00
0.000000000000000000e+00
0.000000000000000000e+00
0.000000000000000000e+00
