-3.314900028768338558e+00
-3.237144623503662721e+00
-3.145478704569571349e+00
-2.988808198681245365e+00
-2.881116254854851455e+00
-2.779143513786388020e+00
-2.696801828737263484e+00
-2.619060943052493151e+00
-2.502814303756955017e+00
-2.408347293239154752e+00
-2.250051887863904199e+00
-2.173964595231736130e+00
-2.135244187774167912e+00
-2.111994281738401646e+00
-1.981396659772605151e+00
-1.909063386750255109e+00
-1.770226231092245195e+00
-1.746489034977903643e+00
-1.647070191329095046e+00
-1.577912887015815002e+00
-1.521784983398668745e+00
-1.328276529856043497e+00
-1.214285376737541444e+00
-1.162300507134292227e+00
-1.104708836336117272e+00
-9.959110103748801679e-01
-9.471187194362812312e-01
-8.714236230114699167e-01
-8.017377481440046694e-01
-7.147957414826892064e-01
-6.805387612494676608e-01
-6.504268130745647358e-01
-4.957422997033417156e-01
-4.450411298865270537e-01
-2.592125282271023901e-01
-1.757695510497438718e-01
-6.842732869129480866e-02
5.936042208758216671e-02
1.170761014133338829e-01
1.487744584633724776e-01
2.177310706831648568e-01
2.526341869416148800e-01
3.373955894018373924e-01
3.678697592038648323e-01
4.334880284636436487e-01
4.942652556127792862e-01
5.294316902339729625e-01
5.397638330252431116e-01
6.066564974192524273e-01
1.461407401850326249e+00
2.693715816827678022e+00
3.223657128040823494e+00
4.918101213844952468e+00
8.688644536456250123e+00
1.365592608173144562e+01
1.807317615760123175e+01
2.160714864545835923e+01
