5.926123522567749023e+05
5.926120179290771484e+05
5.926116262741088867e+05
5.926108694229125977e+05
5.926103493881225586e+05
5.926098728790283203e+05
5.926089838256835938e+05
5.926089838256835938e+05
5.926081374816894531e+05
5.926076204833984375e+05
5.926071596679687500e+05
5.926066985855102539e+05
5.926058312454223633e+05
5.926053088302612305e+05
5.926049010925292969e+05
5.926046092224121094e+05
5.926034946594238281e+05
5.926030197677612305e+05
5.926019911575317383e+05
5.926019911575317383e+05
5.926010741424560547e+05
5.926005186614990234e+05
5.926000153656005859e+05
5.925995016632080078e+05
5.925989734344482422e+05
5.925976055755615234e+05
5.925971198959350586e+05
5.925965665969848633e+05
5.925960127487182617e+05
5.925954585037231445e+05
5.925943521270751953e+05
5.925937305755615234e+05
5.925932471008300781e+05
5.925926248016357422e+05
5.925915813293457031e+05
5.925910189208984375e+05
5.925905238952636719e+05
5.925893901367187500e+05
5.925888216705322266e+05
5.925882523040771484e+05
5.925876106567382812e+05
5.925871106567382812e+05
5.925859647521972656e+05
5.925853897094726562e+05
5.925848126678466797e+05
5.925843786773681641e+05
5.925829990234375000e+05
5.925823418884277344e+05
5.925818296661376953e+05
5.925812465820312500e+05
5.925800894927978516e+05
5.925795131378173828e+05
5.925789366760253906e+05
5.925782872924804688e+05
5.925772033233642578e+05
5.925771311798095703e+05
5.925755381317138672e+05
5.925750283355712891e+05
5.925743710021972656e+05
5.925737848663330078e+05
5.925731969757080078e+05
5.925720900268554688e+05
5.925714226837158203e+05
