-3.352833486590198309e+00
-3.587089674581938059e+00
-3.998457116770097741e+00
-3.909912210907077856e+00
-3.867448736537800080e+00
-3.755809875373261608e+00
-3.650509475899792911e+00
-3.526979276443273026e+00
-3.419511046926714926e+00
-3.301452470858719401e+00
-3.221494183784360477e+00
-3.122814357277096775e+00
-2.986739297446928898e+00
-2.831881875418949868e+00
-2.732117368959829484e+00
-2.652367155911882879e+00
-2.521856408396991878e+00
-2.418610237911089200e+00
-2.365752283528648192e+00
-2.289052301008846602e+00
-2.190195077872221674e+00
-2.074357676561594754e+00
-1.988560647499072909e+00
-1.899187078803307616e+00
-1.817735511032569917e+00
-1.729261956416316748e+00
-1.641540312922336042e+00
-1.583548052409185170e+00
-1.483914537045471604e+00
-1.430773417237871215e+00
-1.335587965584795089e+00
-1.271979942982033096e+00
-1.187748304122535847e+00
-1.114730533812628988e+00
-1.022835607505361954e+00
-9.151711495709567989e-01
-8.358154802731261324e-01
-7.662172777923534905e-01
-7.213888106053825133e-01
-6.831362716040108030e-01
-6.889453722743766884e-01
-6.289749015354844097e-01
-6.369146917959961351e-01
-6.084471173837686653e-01
-5.656007871999275682e-01
-4.982897171039063489e-01
-4.934376067483384753e-01
-4.592330744923315278e-01
-5.320273863980418128e-01
-6.806940018620810662e-01
