-3.460508741953923995e+00
-3.381495201105300996e+00
-3.257391398481288558e+00
-3.122011762467193474e+00
-2.984523536187280612e+00
-2.904384432463892107e+00
-2.798285765438252692e+00
-2.644813716304398987e+00
-2.529871941781502542e+00
-2.435901055873326726e+00
-2.373172983259693058e+00
-2.279969781351617986e+00
1.029129209638278697e+00
4.606310976988686967e+00
1.165447843483767620e+00
-2.626253772258127839e+00
1.587913854345994968e+00
1.966348298196680444e+00
-3.089376373694975975e+00
1.613658294840204732e+00
1.717837474121390207e+00
-2.881108846851923921e+00
-3.462520212292220290e+00
-3.426285244975826316e+00
-3.062255640696724068e+00
-2.714284958814061621e+00
-2.481139105651283039e+00
-2.244192925228230884e+00
-2.059588925130662052e+00
-1.865616657911283616e+00
-1.754824189798506406e+00
-1.632940926295226802e+00
-1.469331513515611309e+00
-1.356588458076748660e+00
-1.273483146464050364e+00
-1.189190314429897422e+00
-1.124841171683680141e+00
-1.048113144419770215e+00
-1.001283682147160903e+00
-9.272076375236039114e-01
-8.840302882659611949e-01
-7.916084157818678024e-01
-6.977356509175456356e-01
-6.087684021787472810e-01
-5.320509193418977434e-01
-4.422820148825654107e-01
-3.871042271282186809e-01
-3.115000210812596815e-01
-2.330233729238670171e-01
-1.744594230649285926e-01
-1.351133848477628630e-01
-5.786913492212238802e-02
1.589116506895185341e-02
1.013826250440586357e-01
1.727936637723418434e-01
2.448716943247092326e-01
2.847670438482361455e-01
3.109716215369647818e-01
3.450326821538809985e-01
3.861727200695192486e-01
4.315610376770019352e-01
4.412410576202053791e-01
4.451533247696966566e-01
4.774498682914620207e-01
4.200472706477758500e+00
9.800187388821870016e+00
1.621184733194989036e+01
2.192619030256109980e+01
2.720577164630048728e+01
3.033326838615513665e+01
-9.141772710532155344e+00
-9.141772710532157120e+00
-9.141772710532155344e+00
-7.318949851550231145e+00
-2.334324313446085528e-02
-1.611302893933362623e-02
-3.407836319719480256e-02
-3.569542651123089438e+00
-4.211620771491227266e+00
-4.183123680764760266e+00
-4.035259709176902021e+00
