2.361052226146937549e+00
2.359419745937456625e+00
2.356345697550002782e+00
2.354459187522197183e+00
2.352987773420124995e+00
2.351072711042114349e+00
2.348126698715057969e+00
2.346262895830013129e+00
2.344528244901523450e+00
2.342764468203948347e+00
2.339537004384733443e+00
2.337560468271095537e+00
2.335776661860009540e+00
2.334045604544151331e+00
2.330880662273983717e+00
2.329032978344741878e+00
2.327417335007285537e+00
2.326623123114710978e+00
2.322929282496508208e+00
2.321369469466882052e+00
2.319877590610710527e+00
2.318441221385151074e+00
2.315697620779762822e+00
2.314401889266628487e+00
2.313144984750516109e+00
2.311912994301819069e+00
2.309621993623209413e+00
2.308758087626161526e+00
2.307859308562353107e+00
2.306983550084749091e+00
2.305271884770748514e+00
2.304490253899897034e+00
2.303221781917828004e+00
2.302816651982439566e+00
2.302432937978959870e+00
2.302215013881270700e+00
2.302050220027454408e+00
2.302040906755099314e+00
2.302149744188001890e+00
2.302342559019877832e+00
2.302639123306660984e+00
2.303408022204239458e+00
2.303872994208552072e+00
2.304421851416136313e+00
2.305601632483678110e+00
2.306167632365087705e+00
2.303061213137914898e+00
