1.695364888435564518e+09
1.695364888513133526e+09
1.695364888610853910e+09
1.695364888753201723e+09
1.695364888836318254e+09
1.695364889071378946e+09
1.695364889234382868e+09
1.695364889234382868e+09
1.695364889396675348e+09
1.695364889476008892e+09
1.695364889554216862e+09
1.695364889631187439e+09
1.695364889796570301e+09
1.695364889872047663e+09
1.695364889956240892e+09
1.695364890133328676e+09
1.695364890297956467e+09
1.695364890369455576e+09
1.695364890533877134e+09
1.695364890533877134e+09
1.695364890690346718e+09
1.695364890781899691e+09
1.695364890854770899e+09
1.695364890933321238e+09
1.695364891009741783e+09
1.695364891293945312e+09
1.695364891373704672e+09
1.695364891454421282e+09
1.695364891532802343e+09
1.695364891612795830e+09
1.695364891799659967e+09
1.695364891852181911e+09
1.695364891934839487e+09
1.695364892013039827e+09
1.695364892172777176e+09
1.695364892334184885e+09
1.695364892412653923e+09
1.695364892572376251e+09
1.695364892655234814e+09
1.695364892736201525e+09
1.695364892812620878e+09
1.695364892894943714e+09
1.695364893062965870e+09
1.695364893131282330e+09
1.695364893213287592e+09
1.695364893404898405e+09
1.695364893557716846e+09
1.695364893641206503e+09
1.695364893723987341e+09
1.695364893802726984e+09
1.695364893962079048e+09
1.695364894038105249e+09
1.695364894122511625e+09
1.695364894211562634e+09
1.695364894365144730e+09
1.695364894523453712e+09
1.695364894677950144e+09
1.695364894756275892e+09
1.695364894840602636e+09
1.695364894921792269e+09
1.695364894996923447e+09
1.695364895156946182e+09
1.695364895239698887e+09
