2.341445338928613396e+00
2.339886201375506403e+00
2.337376926016085044e+00
2.335673043614324484e+00
2.334160917811711755e+00
2.333387775795402241e+00
2.329049756480673139e+00
2.327613435713073997e+00
2.325803279521850619e+00
2.322753768747030989e+00
2.321244924757634998e+00
2.319913957323067599e+00
2.318176703066066935e+00
2.315636874408360413e+00
2.314414662735106987e+00
2.314238861284415805e+00
2.311849988388436472e+00
2.309816034201954693e+00
2.308819142331984153e+00
2.308015687064240318e+00
2.307317218011718296e+00
2.306015359625275707e+00
2.305346342881134269e+00
2.304755676603411629e+00
2.303676875506731392e+00
2.303676875506731392e+00
2.302143279599560444e+00
2.301831089883739523e+00
2.301736152818755876e+00
2.301738367114051442e+00
2.301759140169483686e+00
2.301938039408225833e+00
2.302099990803222695e+00
2.302218002957963527e+00
2.302390814867602664e+00
2.302486416680618930e+00
2.303024305974357588e+00
2.303786742274182231e+00
2.304310556118354114e+00
2.305093756403223892e+00
2.305945598785332784e+00
2.306814013352188830e+00
2.307932614320832521e+00
2.308485632670640442e+00
2.309037671094779753e+00
2.310688912716582166e+00
2.311976697348976373e+00
2.313686311070609847e+00
2.315634652287547723e+00
2.305479626155896966e+00
2.300884035100966507e+00
2.290419280435903815e+00
2.281259986430363540e+00
2.270173527853826201e+00
2.254276051665973668e+00
