5.926171538925170898e+05
5.926168709259033203e+05
5.926166144104003906e+05
5.926163395004272461e+05
5.926160683898925781e+05
5.926157970123291016e+05
5.926155222091674805e+05
5.926152540588378906e+05
5.926149428939819336e+05
5.926146011047363281e+05
5.926142693939208984e+05
5.926139240264892578e+05
5.926135830993652344e+05
5.926132523956298828e+05
5.926129144897460938e+05
5.926125718078613281e+05
5.926122269287109375e+05
5.926122164688110352e+05
5.926118520507812500e+05
5.926114336547851562e+05
5.926109898834228516e+05
5.926105514602661133e+05
5.926101262817382812e+05
5.926096960525512695e+05
5.926092610473632812e+05
5.926088230056762695e+05
5.926084259643554688e+05
5.926084259643554688e+05
5.926082484893798828e+05
5.926080382995605469e+05
5.926078351440429688e+05
5.926076151809692383e+05
5.926074123764038086e+05
5.926071963195800781e+05
5.926069856414794922e+05
5.926067758178710938e+05
5.926065586395263672e+05
5.926063531799316406e+05
5.926060542449951172e+05
5.926053964996337891e+05
5.926050600433349609e+05
5.926047181243896484e+05
5.926043718566894531e+05
5.926040382843017578e+05
5.926037068023681641e+05
5.926033673324584961e+05
5.926030404052734375e+05
5.926027128982543945e+05
5.926023038177490234e+05
5.926019363250732422e+05
5.926015664215087891e+05
5.926011996307373047e+05
5.926008438873291016e+05
5.926004563446044922e+05
5.926000876007080078e+05
5.925997328872680664e+05
5.925993588638305664e+05
