5.926260110321044922e+05
5.926258557891845703e+05
5.926257251052856445e+05
5.926255668106079102e+05
5.926252345428466797e+05
5.926250590820312500e+05
5.926248069076538086e+05
5.926244828414916992e+05
5.926242729492187500e+05
5.926240529632568359e+05
5.926238279953002930e+05
5.926235991821289062e+05
5.926231340713500977e+05
5.926228924636840820e+05
5.926226415405273438e+05
5.926221923065185547e+05
5.926219015274047852e+05
5.926216421585083008e+05
5.926213796691894531e+05
5.926208709106445312e+05
5.926205459442138672e+05
5.926202494354248047e+05
5.926199519958496094e+05
5.926193925704956055e+05
5.926190536041259766e+05
5.926187833786010742e+05
5.926184661712646484e+05
5.926178836746215820e+05
5.926175387115478516e+05
5.926171798248291016e+05
5.926164454879760742e+05
5.926160719985961914e+05
5.926156909561157227e+05
5.926152992401123047e+05
5.926144807586669922e+05
5.926140605316162109e+05
5.926133599929809570e+05
5.926129144515991211e+05
5.926120575027465820e+05
5.926120575027465820e+05
5.926111150512695312e+05
5.926105736923217773e+05
5.926100884399414062e+05
5.926096000747680664e+05
5.926091085281372070e+05
5.926081202239990234e+05
5.926076192245483398e+05
5.926073655166625977e+05
5.926061235961914062e+05
5.926055196228027344e+05
5.926049194946289062e+05
5.926044532928466797e+05
5.926039192733764648e+05
5.926028474578857422e+05
5.926022422866821289e+05
5.926017014389038086e+05
5.926006755447387695e+05
5.926001940917968750e+05
5.925996463317871094e+05
5.925986226348876953e+05
5.925980773773193359e+05
5.925975334548950195e+05
5.925963767929077148e+05
5.925963767929077148e+05
5.925953498916625977e+05
5.925947993621826172e+05
5.925941783218383789e+05
5.925938327941894531e+05
5.925924491882324219e+05
5.925918952331542969e+05
5.925913410186767578e+05
5.925907862548828125e+05
5.925897423706054688e+05
5.925891142425537109e+05
5.925885538482666016e+05
5.925879911346435547e+05
5.925869317932128906e+05
