-3.237435956272435078e+00
-3.158702574111098560e+00
-3.023934015497271144e+00
-2.950063518704644672e+00
-2.835837411724789980e+00
-2.664376680074055592e+00
-2.703897077664357163e+00
-2.628831933692898915e+00
-2.523191660877881048e+00
-2.391971348862382829e+00
-2.335485926381628996e+00
-2.258392656764264039e+00
-2.136317735241651139e+00
-2.040858421891303731e+00
-2.019653276841184564e+00
-1.882156256864154553e+00
-1.849151729910677666e+00
-1.739854598185719636e+00
-1.657663171401831059e+00
-1.594198026341246965e+00
-1.501460700335729426e+00
-1.446370527545382867e+00
-1.311653862483235677e+00
-1.246607578450862563e+00
-1.170103058641485116e+00
-1.143078039870647489e+00
-1.059908351547782290e+00
-9.614416681217751171e-01
-8.814368117759358023e-01
-7.793026963367527538e-01
-6.918112246976136914e-01
-6.528729086994246034e-01
-5.881243372154357774e-01
-5.294409404095508087e-01
-4.279240520525989244e-01
-3.288523831659218022e-01
-2.604111149478249287e-01
-1.575705351790403774e-01
-1.197573523725490585e-01
-1.746668800986140094e-02
9.436285930123677890e-02
1.627208630198485328e-01
2.337697214111369992e-01
2.657296223131925816e-01
3.495245093670895087e-01
3.536746441555280174e-01
4.230842545564345025e-01
5.005735512577911273e-01
4.605320038656752213e-01
3.475871524359981923e-01
3.426546561287873716e-01
-1.888859480345015107e-01
-8.014648220571519710e-01
9.181707410029567029e-01
3.738770427144001207e+00
5.937723833820130359e+00
9.232201363017436435e+00
