4.134140669860839844e+06
4.134140823120117188e+06
4.134140952545166016e+06
4.134141109802246094e+06
4.134141441589355469e+06
4.134141617645263672e+06
4.134141871612548828e+06
4.134142199707031250e+06
4.134142413238525391e+06
4.134142637878417969e+06
4.134142868194580078e+06
4.134143103363037109e+06
4.134143583709716797e+06
4.134143834442138672e+06
4.134144095672607422e+06
4.134144565612792969e+06
4.134144871398925781e+06
4.134145145019531250e+06
4.134145422790527344e+06
4.134145963409423828e+06
4.134146310180664062e+06
4.134146627624511719e+06
4.134146946960449219e+06
4.134147550201416016e+06
4.134147917236328125e+06
4.134148210540771484e+06
4.134148555664062500e+06
4.134149191711425781e+06
4.134149569458007812e+06
4.134149963317871094e+06
4.134150771667480469e+06
4.134151183898925781e+06
4.134151605133056641e+06
4.134152038635253906e+06
4.134152945922851562e+06
4.134153412597656250e+06
4.134154191833496094e+06
4.134154688140869141e+06
4.134155643524169922e+06
4.134155643524169922e+06
4.134156694000244141e+06
4.134157297180175781e+06
4.134157837615966797e+06
4.134158381347656250e+06
4.134158928222656250e+06
4.134160026245117188e+06
4.134160581848144531e+06
4.134160863006591797e+06
4.134162235626220703e+06
4.134162900756835938e+06
4.134163559906005859e+06
4.134164070922851562e+06
4.134164655273437500e+06
4.134165825561523438e+06
4.134166484680175781e+06
4.134167072479248047e+06
4.134168186126708984e+06
4.134168715545654297e+06
4.134169328674316406e+06
4.134170508300781250e+06
4.134171150451660156e+06
4.134171796203613281e+06
4.134173172576904297e+06
4.134173172576904297e+06
4.134174387176513672e+06
4.134175034606933594e+06
4.134175763305664062e+06
4.134176168457031250e+06
4.134177794067382812e+06
4.134178446960449219e+06
4.134179101196289062e+06
4.134179756378173828e+06
4.134180988677978516e+06
4.134181728881835938e+06
4.134182388305664062e+06
4.134183049072265625e+06
4.134184289184570312e+06
