1.695365659443022966e+09
1.695365659523036957e+09
1.695365659602181673e+09
1.695365659764549494e+09
1.695365659922457695e+09
1.695365660037399530e+09
1.695365660108304024e+09
1.695365660248513460e+09
1.695365660327466249e+09
1.695365660424622774e+09
1.695365660483808756e+09
1.695365660642681837e+09
1.695365660736560106e+09
1.695365660807791948e+09
1.695365660992489815e+09
1.695365661069472313e+09
1.695365661239207983e+09
1.695365661324287415e+09
1.695365661389942884e+09
1.695365661550118923e+09
1.695365661629808187e+09
1.695365661728992224e+09
1.695365661799956560e+09
1.695365661897559643e+09
1.695365662080075026e+09
1.695365662166792870e+09
1.695365662325088263e+09
1.695365662404772282e+09
1.695365662488690615e+09
1.695365662643064022e+09
1.695365662719316006e+09
1.695365662800239086e+09
1.695365662879130363e+09
1.695365663038454771e+09
1.695365663200550795e+09
1.695365663360656500e+09
1.695365663442392588e+09
1.695365663521425486e+09
1.695365663597921848e+09
1.695365663678634644e+09
1.695365663760654926e+09
1.695365663919637680e+09
1.695365664005958557e+09
1.695365664087230682e+09
1.695365664318260193e+09
1.695365664399094105e+09
1.695365664480564594e+09
1.695365664642922640e+09
1.695365664721841097e+09
1.695365664800746441e+09
1.695365664879133940e+09
1.695365665118589401e+09
1.695365665118589401e+09
1.695365665202910900e+09
1.695365665361537218e+09
1.695365665520257473e+09
1.695365665602029562e+09
1.695365665687120199e+09
1.695365665850377321e+09
1.695365665927373648e+09
1.695365665999943733e+09
1.695365666082523823e+09
1.695365666243809462e+09
1.695365666319464684e+09
