5.926085942840576172e+05
5.926081310272216797e+05
5.926076525573730469e+05
5.926071604919433594e+05
5.926067141799926758e+05
5.926062242355346680e+05
5.926057444458007812e+05
5.926052861328125000e+05
5.926048023834228516e+05
5.926045678634643555e+05
5.926043113403320312e+05
5.926040725402832031e+05
5.926038157653808594e+05
5.926035693054199219e+05
5.926033333358764648e+05
5.926030872421264648e+05
5.926028343811035156e+05
5.926025905761718750e+05
5.926023371734619141e+05
5.926020417175292969e+05
5.926017229537963867e+05
5.926014094390869141e+05
5.926010750122070312e+05
5.926007534637451172e+05
5.926004357986450195e+05
5.926000984039306641e+05
5.925997815856933594e+05
5.925994631958007812e+05
5.925991416549682617e+05
5.925988002700805664e+05
5.925984478149414062e+05
5.925980920410156250e+05
5.925977169418334961e+05
5.925973541336059570e+05
5.925969827270507812e+05
5.925966306457519531e+05
5.925962488174438477e+05
5.925959098510742188e+05
5.925955351257324219e+05
5.925952036514282227e+05
5.925948551330566406e+05
5.925944774322509766e+05
5.925941188888549805e+05
