2.305074188406049274e+00
2.304520475012957093e+00
2.303959544626705380e+00
2.303090262672226274e+00
2.302643262552461323e+00
2.302371030167035038e+00
2.302211819092198297e+00
2.302211819092198297e+00
2.302250935390750541e+00
2.302378984199308753e+00
2.302558395965067284e+00
2.302810847786844306e+00
2.303517304945186694e+00
2.304067733781204552e+00
2.304572192053857549e+00
2.304962996102506878e+00
2.306629866063866885e+00
2.307419813273378750e+00
2.309238019291619537e+00
2.309238019291619537e+00
2.310934434856488195e+00
2.312013993035518133e+00
2.313065229437205161e+00
2.314197773842066042e+00
2.315349200895708393e+00
2.302501064293122290e+00
2.294679693700546252e+00
2.286515579426168898e+00
2.280299017061899747e+00
2.276341882077237422e+00
2.272837223773840343e+00
2.272614495389143840e+00
2.272845078119029694e+00
2.273284458300933508e+00
2.273667455791654746e+00
2.273586358651396466e+00
2.273397873379391143e+00
2.272936994035502423e+00
2.272943928753520915e+00
2.273199070145766498e+00
2.273767148798764737e+00
2.274412210668351086e+00
2.276409953410928111e+00
2.277525676043064884e+00
2.278672064328767455e+00
2.279540036082433829e+00
2.282329272587197977e+00
2.283716403768777603e+00
2.284897114191274170e+00
2.286314694658039492e+00
2.289343474929140143e+00
2.290869914408703245e+00
2.292386101871845661e+00
2.294096157158806548e+00
2.296923674165282314e+00
2.297106523451579285e+00
2.301153656880014609e+00
2.302497153960896270e+00
2.304286155292584404e+00
2.305885932265596239e+00
2.307454517563681584e+00
2.310372385806743978e+00
2.312168305207474184e+00
