4.134145916015625000e+06
4.134145916015625000e+06
4.134145916015625000e+06
4.134145916015625000e+06
4.134146056335449219e+06
4.134146228668212891e+06
4.134146399230957031e+06
4.134146565124511719e+06
4.134146736114501953e+06
4.134146919006347656e+06
4.134147074645996094e+06
4.134147166473388672e+06
4.134147166473388672e+06
4.134147166473388672e+06
4.134147390319824219e+06
4.134147643371582031e+06
4.134147896850585938e+06
4.134148163665771484e+06
4.134148424499511719e+06
4.134148682434082031e+06
4.134148940826416016e+06
4.134149123382568359e+06
4.134149123382568359e+06
4.134149123382568359e+06
4.134149416625976562e+06
4.134149763702392578e+06
4.134150133972167969e+06
4.134150498474121094e+06
4.134150837036132812e+06
4.134151200103759766e+06
4.134151543426513672e+06
4.134151901275634766e+06
4.134152126647949219e+06
4.134152126647949219e+06
4.134152512512207031e+06
4.134152971923828125e+06
4.134153447875976562e+06
4.134153898315429688e+06
4.134154356567382812e+06
4.134154843078613281e+06
4.134155297180175781e+06
4.134155757415771484e+06
4.134156215026855469e+06
4.134156424255371094e+06
4.134156883361816406e+06
4.134157437530517578e+06
4.134158016723632812e+06
4.134158557250976562e+06
4.134159123779296875e+06
4.134159711486816406e+06
4.134160217498779297e+06
4.134160804321289062e+06
4.134161342773437500e+06
4.134161460998535156e+06
4.134161933166503906e+06
4.134162451293945312e+06
4.134163045837402344e+06
4.134163546020507812e+06
4.134164090667724609e+06
4.134164664093017578e+06
4.134165197204589844e+06
4.134165760894775391e+06
4.134166316040039062e+06
4.134166863800048828e+06
4.134167300140380859e+06
4.134167792236328125e+06
4.134168283142089844e+06
4.134168790588378906e+06
4.134169292022705078e+06
4.134169838806152344e+06
4.134170324432373047e+06
4.134170826354980469e+06
4.134171330596923828e+06
4.134171821289062500e+06
