-2.060388745632587781e+00
-1.827048151231427831e+00
-1.672795715308588171e+00
-1.671392883757370385e+00
-1.331686588799551263e+00
-1.207247779853633185e+00
-1.150963449810110006e+00
-1.149390833431730208e+00
-1.434135177539598738e+00
-1.593727617066400759e+00
-1.386042678527420691e+00
-1.303806388953157702e+00
-8.280609867877644081e-01
-7.310073709084996540e-01
-6.727793515811675285e-01
-8.109522495843574097e-01
-6.828400057099011100e-01
-5.885408661711812872e-01
-6.926409445004843013e-01
-6.831822598628527476e-01
-2.570952399713602454e-01
-2.049102659713230024e-01
-1.396442160681623801e-01
-3.532770345859487932e-02
4.189561388371891570e-02
-6.558725575653610862e-02
-4.379782020365270701e-03
8.907417239939952047e-02
1.630220305658063307e-01
2.564643142833565870e-01
3.358435763770035165e-01
3.854925585212917172e-01
3.537357704027752070e-01
3.802698154602098257e-01
3.508629724519041204e-01
3.613150704080825837e-01
4.061931686542987197e-01
4.127612671088740637e-01
8.828895322865377704e-01
4.601940966048281290e+00
7.959172390692948795e+00
1.186826877797511059e+01
1.643459591332270620e+01
