5.926238316192626953e+05
5.926237645950317383e+05
5.926236817245483398e+05
5.926235907211303711e+05
5.926233924407958984e+05
5.926232896194458008e+05
5.926231844024658203e+05
5.926229788360595703e+05
5.926228692092895508e+05
5.926227414855957031e+05
5.926224852371215820e+05
5.926223223495483398e+05
5.926221696319580078e+05
5.926220258407592773e+05
5.926216789398193359e+05
5.926214998703002930e+05
5.926212912750244141e+05
5.926211488647460938e+05
5.926209553222656250e+05
5.926206181411743164e+05
5.926201544570922852e+05
5.926199356842041016e+05
5.926196408233642578e+05
5.926191416931152344e+05
5.926188385848999023e+05
5.926185675430297852e+05
5.926181240386962891e+05
5.926178149414062500e+05
5.926176046981811523e+05
5.926173128890991211e+05
5.926166985092163086e+05
5.926163861465454102e+05
5.926160730133056641e+05
5.926157608337402344e+05
5.926151450881958008e+05
5.926148416748046875e+05
5.926145477447509766e+05
5.926142716979980469e+05
5.926138271560668945e+05
5.926135682296752930e+05
5.926133548355102539e+05
5.926129834747314453e+05
5.926128059997558594e+05
5.926126427688598633e+05
5.926124953231811523e+05
5.926122375564575195e+05
5.926121169815063477e+05
5.926120368957519531e+05
5.926119880981445312e+05
5.926118593444824219e+05
