1.695365672262197018e+09
1.695365672343813181e+09
1.695365672422348976e+09
1.695365672506461143e+09
1.695365672663199425e+09
1.695365672745609045e+09
1.695365672829341173e+09
1.695365672914613008e+09
1.695365673124537230e+09
1.695365673191216707e+09
1.695365673353644371e+09
1.695365673440271378e+09
1.695365673509408951e+09
1.695365673589531660e+09
1.695365673752742052e+09
1.695365673840681076e+09
1.695365673909808874e+09
1.695365673990058422e+09
1.695365674233091116e+09
1.695365674325657129e+09
1.695365674470807076e+09
1.695365674555858135e+09
1.695365674671492815e+09
1.695365674709361553e+09
1.695365674797271013e+09
1.695365674949490786e+09
1.695365675028377771e+09
1.695365675108787060e+09
1.695365675273494005e+09
1.695365675452577114e+09
1.695365675509708405e+09
1.695365675589926481e+09
1.695365675684855700e+09
1.695365675828287125e+09
1.695365675910115480e+09
1.695365676008350372e+09
1.695365676096176863e+09
1.695365676228579283e+09
1.695365676389305353e+09
1.695365676548794270e+09
1.695365676627785921e+09
1.695365676713821173e+09
1.695365676789006710e+09
1.695365676868256092e+09
1.695365677029688358e+09
1.695365677113897562e+09
1.695365677269133329e+09
1.695365677364430904e+09
1.695365677515368700e+09
1.695365677604342937e+09
1.695365677667985201e+09
1.695365677834372520e+09
1.695365677913365841e+09
1.695365678015715599e+09
1.695365678159421206e+09
1.695365678239423275e+09
1.695365678309615374e+09
1.695365678388844967e+09
1.695365678590979099e+09
1.695365678752151012e+09
1.695365678834777117e+09
1.695365678912669897e+09
1.695365678999357224e+09
1.695365679153869152e+09
1.695365679268759727e+09
1.695365679310244799e+09
1.695365679395754337e+09
1.695365679474296093e+09
1.695365679712456703e+09
1.695365679791120291e+09
1.695365679956789970e+09
1.695365680039513350e+09
1.695365680114637375e+09
1.695365680271280527e+09
1.695365680353721142e+09
1.695365680432449579e+09
1.695365680593235254e+09
1.695365680593235254e+09
