5.926258947601318359e+05
5.926258332824707031e+05
5.926257631759643555e+05
5.926256849441528320e+05
5.926255341033935547e+05
5.926254595642089844e+05
5.926253872680664062e+05
5.926253170471191406e+05
5.926252634201049805e+05
5.926251137237548828e+05
5.926249249267578125e+05
5.926247983627319336e+05
5.926246758575439453e+05
5.926245370178222656e+05
5.926242577514648438e+05
5.926240878143310547e+05
5.926239352111816406e+05
5.926237812042236328e+05
5.926234872894287109e+05
5.926233206863403320e+05
5.926229694290161133e+05
5.926227684173583984e+05
5.926225366363525391e+05
5.926223264770507812e+05
5.926221126556396484e+05
5.926216680221557617e+05
5.926214322509765625e+05
5.926211857376098633e+05
5.926210888671875000e+05
5.926204214706420898e+05
5.926200918731689453e+05
5.926198334655761719e+05
5.926194996109008789e+05
5.926189409027099609e+05
5.926186042251586914e+05
5.926183414459228516e+05
5.926180395126342773e+05
5.926174683914184570e+05
5.926173919754028320e+05
5.926165269470214844e+05
5.926162358779907227e+05
5.926158519210815430e+05
5.926154983673095703e+05
5.926151368331909180e+05
5.926144330520629883e+05
5.926139958267211914e+05
5.926132913436889648e+05
5.926128773422241211e+05
5.926125110473632812e+05
5.926120871963500977e+05
5.926117154006958008e+05
5.926108137359619141e+05
5.926103882293701172e+05
5.926099617080688477e+05
5.926092162399291992e+05
5.926086819381713867e+05
5.926082524261474609e+05
5.926078202743530273e+05
5.926075481948852539e+05
5.926063063888549805e+05
5.926059013214111328e+05
5.926053749771118164e+05
5.926049034042358398e+05
5.926039498825073242e+05
5.926035297393798828e+05
5.926029863739013672e+05
5.926025001068115234e+05
5.926020095748901367e+05
5.926011359634399414e+05
5.926006896438598633e+05
5.925999170608520508e+05
5.925995009002685547e+05
5.925991406860351562e+05
5.925985228424072266e+05
5.925982580947875977e+05
5.925979201431274414e+05
5.925973268585205078e+05
5.925973268585205078e+05
