5.926144362640380859e+05
5.926140909576416016e+05
5.926137841873168945e+05
5.926130692291259766e+05
5.926127015228271484e+05
5.926123238906860352e+05
5.926119345169067383e+05
5.926111259460449219e+05
5.926107108001708984e+05
5.926102349624633789e+05
5.926100184478759766e+05
5.926089691619873047e+05
5.926084589233398438e+05
5.926079978561401367e+05
5.926075299835205078e+05
5.926066331024169922e+05
5.926060842208862305e+05
5.926055933914184570e+05
5.926050998382568359e+05
5.926041048889160156e+05
5.926033346939086914e+05
5.926028031616210938e+05
5.926022599258422852e+05
5.926017089767456055e+05
5.926011585845947266e+05
5.926000551300048828e+05
5.925995012741088867e+05
5.925989459533691406e+05
5.925983890151977539e+05
5.925972642135620117e+05
5.925972642135620117e+05
5.925958486785888672e+05
5.925952844772338867e+05
5.925947241744995117e+05
5.925941667938232422e+05
5.925936103744506836e+05
5.925924938964843750e+05
5.925919321746826172e+05
5.925913680877685547e+05
5.925903046722412109e+05
5.925898072357177734e+05
5.925892387084960938e+05
5.925881730804443359e+05
5.925875336456298828e+05
5.925869646606445312e+05
5.925863947906494141e+05
5.925853227081298828e+05
5.925846770324707031e+05
5.925841021575927734e+05
5.925835274658203125e+05
