5.926115140838623047e+05
5.926111774368286133e+05
5.926108539886474609e+05
5.926104639816284180e+05
5.926100050811767578e+05
5.926095573730468750e+05
5.926091118316650391e+05
5.926086791000366211e+05
5.926082300949096680e+05
5.926077796325683594e+05
5.926073372497558594e+05
5.926068912963867188e+05
5.926064191360473633e+05
5.926062006378173828e+05
5.926059362030029297e+05
5.926056889953613281e+05
5.926054322738647461e+05
5.926051698760986328e+05
5.926049268951416016e+05
5.926046656494140625e+05
5.926044211883544922e+05
5.926041531982421875e+05
5.926039028167724609e+05
5.926036040191650391e+05
5.926032731018066406e+05
5.926029337844848633e+05
5.926025966110229492e+05
5.926022404479980469e+05
5.926019173049926758e+05
5.926015743408203125e+05
5.926012306518554688e+05
5.926009061203002930e+05
5.926005657196044922e+05
5.926002179870605469e+05
5.925998801727294922e+05
5.925995148925781250e+05
5.925991373901367188e+05
5.925987588424682617e+05
5.925983923797607422e+05
5.925979820861816406e+05
5.925976268997192383e+05
5.925972633743286133e+05
5.925968967590332031e+05
