5.926151690521240234e+05
5.926148501892089844e+05
5.926145232391357422e+05
5.926141985321044922e+05
5.926138831329345703e+05
5.926135595855712891e+05
5.926133716583251953e+05
5.926131473541259766e+05
5.926129393005371094e+05
5.926127411956787109e+05
5.926125288696289062e+05
5.926123210449218750e+05
5.926121059265136719e+05
5.926118986282348633e+05
5.926116847534179688e+05
5.926114806747436523e+05
5.926111932373046875e+05
5.926108577423095703e+05
5.926105152587890625e+05
5.926101898422241211e+05
5.926098541793823242e+05
5.926095081939697266e+05
5.926091824035644531e+05
5.926088307342529297e+05
5.926085071868896484e+05
5.926081573410034180e+05
5.926078487548828125e+05
5.926074513854980469e+05
5.926071160888671875e+05
5.926067502746582031e+05
5.926064074478149414e+05
5.926060382843017578e+05
5.926056791763305664e+05
5.926053413543701172e+05
5.926049770507812500e+05
5.926046339797973633e+05
