4.134142966247558594e+06
4.134143215820312500e+06
4.134143442077636719e+06
4.134143684509277344e+06
4.134143923645019531e+06
4.134144162963867188e+06
4.134144405364990234e+06
4.134144641845703125e+06
4.134144957427978516e+06
4.134145306396484375e+06
4.134145645080566406e+06
4.134145997741699219e+06
4.134146345825195312e+06
4.134146683471679688e+06
4.134147028411865234e+06
4.134147378295898438e+06
4.134147730438232422e+06
4.134147741119384766e+06
4.134148133392333984e+06
4.134148583770751953e+06
4.134149061401367188e+06
4.134149533355712891e+06
4.134149990997314453e+06
4.134150454132080078e+06
4.134150922271728516e+06
4.134151393859863281e+06
4.134151821197509766e+06
4.134151821197509766e+06
4.134152294616699219e+06
4.134152855285644531e+06
4.134153397186279297e+06
4.134153983886718750e+06
4.134154524871826172e+06
4.134155101196289062e+06
4.134155663146972656e+06
4.134156222808837891e+06
4.134156802124023438e+06
4.134157350158691406e+06
4.134157807128906250e+06
4.134158780273437500e+06
4.134159278076171875e+06
4.134159783935546875e+06
4.134160296264648438e+06
4.134160789733886719e+06
4.134161280212402344e+06
4.134161782440185547e+06
4.134162266143798828e+06
4.134162693847656250e+06
4.134163221984863281e+06
4.134163696533203125e+06
4.134164174072265625e+06
4.134164647583007812e+06
4.134165106933593750e+06
4.134165607238769531e+06
4.134166083374023438e+06
4.134166541320800781e+06
4.134167024200439453e+06
