2.377493458372851975e+00
2.376433143966914407e+00
2.375412182700969765e+00
2.374854915966987612e+00
2.372317555596725747e+00
2.371014959312830683e+00
2.369704456931607695e+00
2.367182183232229953e+00
2.365897652103255311e+00
2.364433373165764962e+00
2.361590082002897439e+00
2.359838709189721939e+00
2.358224678868251267e+00
2.356735246221443703e+00
2.353385469621928294e+00
2.351738477302014907e+00
2.349860379819881828e+00
2.348623598904659104e+00
2.346998559157635889e+00
2.344235582528405359e+00
2.340560092072368370e+00
2.338898072048311683e+00
2.336740065923148535e+00
2.333317594235950310e+00
2.331353246884416919e+00
2.329658045169759717e+00
2.327029746308006963e+00
2.325284343770660733e+00
2.324121708704357303e+00
2.322580863370424353e+00
2.319514956992359878e+00
2.318071581906318457e+00
2.316678781623406458e+00
2.315351503661968735e+00
2.312903012639048406e+00
2.311808346242707479e+00
2.310803486540391916e+00
2.309965253760552173e+00
2.308666847317765836e+00
2.307975123255934236e+00
2.307436499360262516e+00
2.306517659488997118e+00
2.306104976680954266e+00
2.305723687778940878e+00
2.305390031263165440e+00
2.304853597371337770e+00
2.304632238122518828e+00
2.304482083567030770e+00
2.304393575510472303e+00
2.304111700910790539e+00
