5.926175217285156250e+05
5.926172476654052734e+05
5.926169776306152344e+05
5.926167093124389648e+05
5.926164290313720703e+05
5.926161617431640625e+05
5.926158672943115234e+05
5.926155665283203125e+05
5.926152120971679688e+05
5.926148404541015625e+05
5.926144665222167969e+05
5.926141258544921875e+05
5.926137413406372070e+05
5.926134006042480469e+05
5.926130326080322266e+05
5.926128230667114258e+05
5.926128230667114258e+05
5.926124459457397461e+05
5.926120094833374023e+05
5.926115828628540039e+05
5.926111381988525391e+05
5.926106791839599609e+05
5.926102529983520508e+05
5.926098050842285156e+05
5.926093775100708008e+05
5.926090862350463867e+05
5.926090862350463867e+05
5.926086372680664062e+05
5.926081149597167969e+05
5.926075683288574219e+05
5.926070591049194336e+05
5.926065131683349609e+05
5.926059928741455078e+05
5.926054495086669922e+05
5.926049024505615234e+05
5.926044987030029297e+05
5.926044987030029297e+05
5.926042583618164062e+05
5.926039629974365234e+05
5.926036872787475586e+05
5.926033830566406250e+05
5.926030963745117188e+05
5.926028065261840820e+05
5.926025246963500977e+05
5.926022288055419922e+05
5.926019292526245117e+05
5.926016535186767578e+05
5.926013450241088867e+05
5.926009904632568359e+05
5.926006379394531250e+05
5.926003009033203125e+05
5.925999583435058594e+05
5.925996251068115234e+05
5.925992726440429688e+05
5.925989126586914062e+05
5.925985888671875000e+05
5.925982282714843750e+05
5.925979232101440430e+05
5.925975538940429688e+05
5.925971849899291992e+05
5.925968333892822266e+05
5.925964721755981445e+05
5.925961029281616211e+05
5.925957607498168945e+05
5.925953892059326172e+05
5.925950207977294922e+05
5.925946699218750000e+05
5.925943469848632812e+05
5.925939904022216797e+05
5.925936237640380859e+05
5.925932640838623047e+05
5.925928948669433594e+05
5.925925291137695312e+05
5.925921630401611328e+05
5.925918025207519531e+05
5.925914496154785156e+05
5.925910821990966797e+05
