5.926251740188598633e+05
5.926249912033081055e+05
5.926247712173461914e+05
5.926246333312988281e+05
5.926244992141723633e+05
5.926241937561035156e+05
5.926240567245483398e+05
5.926238769226074219e+05
5.926237138977050781e+05
5.926234374313354492e+05
5.926232371063232422e+05
5.926230563735961914e+05
5.926228954849243164e+05
5.926225022354125977e+05
5.926222871398925781e+05
5.926217943878173828e+05
5.926215578231811523e+05
5.926213489379882812e+05
5.926210762252807617e+05
5.926208924102783203e+05
5.926204255523681641e+05
5.926201621780395508e+05
5.926198833465576172e+05
5.926193287200927734e+05
5.926189930267333984e+05
5.926186937408447266e+05
5.926183930740356445e+05
5.926178264770507812e+05
5.926175224990844727e+05
5.926172464828491211e+05
5.926166288299560547e+05
5.926159372253417969e+05
5.926159372253417969e+05
5.926155835266113281e+05
5.926149065170288086e+05
5.926144908218383789e+05
5.926141110763549805e+05
5.926137215347290039e+05
5.926129674835205078e+05
5.926125062103271484e+05
5.926124028015136719e+05
5.926117228240966797e+05
5.926108655700683594e+05
5.926104305877685547e+05
5.926099991989135742e+05
5.926091363525390625e+05
5.926087057723999023e+05
5.926082799758911133e+05
5.926078601837158203e+05
5.926071421508789062e+05
