2.379037469697493634e+00
2.379037469697493634e+00
2.379037469697493634e+00
2.379037469697493634e+00
2.379037469697493634e+00
2.379037469697493634e+00
2.379037469697493634e+00
2.379037469697493634e+00
2.379037469697493634e+00
2.379037469697493634e+00
2.379037469697493634e+00
2.379037469697493634e+00
2.379037469697493634e+00
2.379037469697493634e+00
2.379037469697493634e+00
2.379037469697493634e+00
2.379037469697493634e+00
2.379037469697493634e+00
2.379037469697493634e+00
2.379037469697493634e+00
2.379037469697493634e+00
2.379037469697493634e+00
2.379037469697493634e+00
2.379037469697493634e+00
2.379037469697493634e+00
2.379037469697493634e+00
2.379037469697493634e+00
2.379037469697493634e+00
2.379037469697493634e+00
2.379037469697493634e+00
2.379037469697493634e+00
2.379037469697493634e+00
2.379037469697493634e+00
2.379037469697493634e+00
2.379037469697493634e+00
2.379037469697493634e+00
2.379037469697493634e+00
2.379037469697493634e+00
2.358964958400946443e+00
2.333492089087769727e+00
2.309334555026794078e+00
2.284284063059232039e+00
2.259325450148566006e+00
2.235197477175461245e+00
2.209485988630461861e+00
2.183984090861628147e+00
2.158924544146429980e+00
2.134612014111212375e+00
2.134964084004593587e+00
2.137014718028069638e+00
2.139006229875803911e+00
2.141023308069804898e+00
2.143121878992531038e+00
2.145142685612029254e+00
2.147119550073881555e+00
2.149118785088717232e+00
2.151141189604857118e+00
2.153210465755819314e+00
2.154917552001336389e+00
2.156808662676752419e+00
2.158730666020574063e+00
2.160530163955201033e+00
2.162414883044050384e+00
2.164334489542909523e+00
2.166273270801468698e+00
2.168189148874830607e+00
2.170030991070461823e+00
2.171875496427162489e+00
2.173421195111870929e+00
2.175015895960257239e+00
2.176670517932706161e+00
2.178223407152302116e+00
2.179899600729413578e+00
2.181576859570952820e+00
2.183114568772452913e+00
2.184713530678550342e+00
2.186347646310764503e+00
2.187962587183278629e+00
2.189407884695668827e+00
2.191073425628502491e+00
2.192553344234795532e+00
2.194223678857554205e+00
2.195760322794626518e+00
2.197346501527590590e+00
2.198983280320874201e+00
2.200544425339785448e+00
2.202093852449991118e+00
2.203721310179531656e+00
2.205122399218168994e+00
2.206690468455860810e+00
2.208348818853806961e+00
2.209978140796096113e+00
2.211622110124267238e+00
2.213167808808975678e+00
2.214838676063948242e+00
2.216380113690945564e+00
2.218032338818431981e+00
2.219750077708226854e+00
