-3.305960545051306543e+00
5.975999744679730830e-01
-1.538120547181445863e+00
-3.809667388953638767e+00
-4.133975816439123818e+00
-4.124409000616088505e+00
-3.778151701698446274e+00
-3.525661438382616364e+00
-3.424470876226097804e+00
-3.274663704642186257e+00
-3.146670754657611369e+00
-3.093223569464646605e+00
-2.907726606151586068e+00
-2.722234598810910899e+00
-2.620084556592798819e+00
-2.502900432746594905e+00
-2.414910822203993224e+00
-2.214988233495102765e+00
-2.271192455244566144e+00
-2.081834275508019694e+00
-2.055501068664174369e+00
-1.952248825596909265e+00
-1.841403589603407775e+00
-1.815944415532700473e+00
-1.604285326849322235e+00
-1.403566823019395837e+00
-1.272754087858394501e+00
-1.393980712534463207e+00
-1.360461494160753571e+00
-1.249017166764501363e+00
-1.122743213336038659e+00
-1.150996357483972554e+00
-9.640525000483055607e-01
-8.601646855010806059e-01
-8.364149425974135577e-01
-9.964391843784844438e-01
-8.655781074796682351e-01
-5.808987231351812053e-01
-5.433883097443183985e-01
-4.294098575009187013e-01
-1.961045587644184574e-01
-2.348295211573702690e-01
-3.567213864098101039e-01
-3.447116862549787775e-01
-2.212689743630696648e-01
-7.602380956629915809e-02
1.015416400342559200e-01
1.732255102600890051e-01
2.351354385778809675e-01
1.834278069246156884e-01
2.062451269592429359e-01
2.899726852559893486e-01
3.249988758377775344e-01
2.326640266369708610e-01
2.989093947426695319e-01
3.211476287001233665e-01
3.032893578196403706e+00
6.662165836090333748e+00
1.039173317276873121e+01
1.343739766883822817e+01
1.681107409631282579e+01
1.977143842474754720e+01
2.204473310076187786e+01
2.403544711902370068e+01
