5.926256582870483398e+05
5.926254105072021484e+05
5.926252635726928711e+05
5.926250862197875977e+05
5.926249259643554688e+05
5.926246143951416016e+05
5.926244138946533203e+05
5.926242499694824219e+05
5.926239120025634766e+05
5.926236872406005859e+05
5.926234837799072266e+05
5.926232764053344727e+05
5.926228742752075195e+05
5.926226191864013672e+05
5.926223842391967773e+05
5.926218924484252930e+05
5.926216637039184570e+05
5.926213980865478516e+05
5.926212974700927734e+05
5.926206475296020508e+05
5.926203191070556641e+05
5.926197128219604492e+05
5.926197128219604492e+05
5.926191416473388672e+05
5.926187961807250977e+05
5.926179311065673828e+05
5.926179311065673828e+05
5.926175604782104492e+05
5.926169046020507812e+05
5.926169046020507812e+05
5.926158485107421875e+05
5.926158485107421875e+05
5.926146912689208984e+05
5.926146912689208984e+05
5.926137157058715820e+05
5.926137157058715820e+05
5.926133269195556641e+05
5.926124822845458984e+05
5.926120779953002930e+05
5.926106754531860352e+05
5.926101948623657227e+05
5.926097095794677734e+05
5.926092221603393555e+05
5.926083041381835938e+05
5.926077509536743164e+05
5.926067499008178711e+05
5.926067499008178711e+05
5.926064300689697266e+05
5.926052725448608398e+05
5.926048513336181641e+05
5.926044669723510742e+05
5.926038330688476562e+05
5.926035250549316406e+05
5.926032214508056641e+05
5.926029214630126953e+05
5.926023591308593750e+05
5.926020221328735352e+05
