0.000000000000000000e+00
0.000000000000000000e+00
0.000000000000000000e+00
0.000000000000000000e+00
0.000000000000000000e+00
0.000000000000000000e+00
0.000000000000000000e+00
0.000000000000000000e+00
0.000000000000000000e+00
0.000000000000000000e+00
0.000000000000000000e+00
0.000000000000000000e+00
0.000000000000000000e+00
0.000000000000000000e+00
0.000000000000000000e+00
0.000000000000000000e+00
0.000000000000000000e+00
0.000000000000000000e+00
0.000000000000000000e+00
0.000000000000000000e+00
0.000000000000000000e+00
0.000000000000000000e+00
0.000000000000000000e+00
0.000000000000000000e+00
0.000000000000000000e+00
0.000000000000000000e+00
1.308669843882009332e+01
1.450000000000000000e+01
1.617119538511816002e+00
0.000000000000000000e+00
0.000000000000000000e+00
4.869243110187355228e+00
1.450000000000000000e+01
1.142931735555047368e+01
2.168793590333926602e+01
2.751313318777389583e+01
3.081261616784368584e+01
2.693220758127842984e+01
1.627368451018784157e+01
1.436985672576708950e+01
2.966892177538137076e+01
2.234465958176057043e+01
1.989059657643499435e+01
