4.134153164093017578e+06
4.134153746948242188e+06
4.134154294311523438e+06
4.134154877075195312e+06
4.134155410217285156e+06
4.134155986389160156e+06
4.134156551269531250e+06
4.134157133544921875e+06
4.134157681182861328e+06
4.134158238586425781e+06
4.134158737182617188e+06
4.134159257568359375e+06
4.134159780151367188e+06
4.134160310180664062e+06
4.134160828979492188e+06
4.134161351440429688e+06
4.134161878173828125e+06
4.134162401824951172e+06
4.134162916900634766e+06
4.134163431457519531e+06
4.134163884735107422e+06
4.134164368530273438e+06
4.134164858520507812e+06
4.134165366882324219e+06
4.134165842590332031e+06
4.134166324829101562e+06
4.134166837890625000e+06
4.134167308013916016e+06
4.134167799591064453e+06
4.134168302917480469e+06
4.134168730773925781e+06
4.134169215240478516e+06
4.134169696746826172e+06
4.134170180908203125e+06
4.134170648803710938e+06
4.134171122192382812e+06
4.134171621093750000e+06
4.134172079040527344e+06
4.134172561828613281e+06
4.134173030212402344e+06
4.134173473388671875e+06
4.134173948455810547e+06
4.134174421020507812e+06
4.134174889099121094e+06
4.134175364135742188e+06
4.134175839965820312e+06
4.134176333740234375e+06
4.134176815155029297e+06
4.134177298095703125e+06
4.134177753662109375e+06
