5.926154700622558594e+05
5.926153522186279297e+05
5.926152346496582031e+05
5.926151133270263672e+05
5.926149973449707031e+05
5.926148753509521484e+05
5.926147552108764648e+05
5.926146930389404297e+05
5.926144626159667969e+05
5.926141834182739258e+05
5.926138981628417969e+05
5.926136139068603516e+05
5.926133290405273438e+05
5.926130679626464844e+05
5.926127754898071289e+05
5.926124966354370117e+05
5.926122247085571289e+05
5.926121915512084961e+05
5.926118880233764648e+05
5.926115157775878906e+05
5.926111525115966797e+05
5.926108001174926758e+05
5.926104218215942383e+05
5.926100474700927734e+05
5.926096947555541992e+05
5.926093327102661133e+05
5.926093061218261719e+05
5.926093061218261719e+05
5.926092202911376953e+05
5.926091232299804688e+05
5.926090224151611328e+05
5.926089194335937500e+05
5.926088151092529297e+05
5.926087204360961914e+05
5.926086323699951172e+05
5.926085306091308594e+05
5.926084334564208984e+05
5.926083317642211914e+05
5.926078353271484375e+05
5.926072141571044922e+05
5.926065945205688477e+05
5.926059832763671875e+05
5.926053926391601562e+05
5.926048025665283203e+05
5.926041662979125977e+05
5.926035878829956055e+05
5.926029510726928711e+05
5.926023580169677734e+05
5.926020561370849609e+05
5.926019010391235352e+05
