2.338021301803694385e+00
2.336326304714868130e+00
2.332698226462676772e+00
2.331001787417536164e+00
2.329101420559698710e+00
2.327868527481062877e+00
2.324822653570913999e+00
2.323418678494713951e+00
2.322143643203481211e+00
2.320650224527014416e+00
2.317210494237690099e+00
2.315706498015819292e+00
2.314257342980202914e+00
2.313090086284173452e+00
2.310825707632361059e+00
2.309285429302081027e+00
2.308947426469269537e+00
2.306465354049571204e+00
2.305517327079686041e+00
2.304806429835858594e+00
2.304489892213528179e+00
2.304209478492515117e+00
2.303467569489079381e+00
2.303228526571416523e+00
2.302802416664045282e+00
2.302060373066587395e+00
2.301927381351723589e+00
2.301882542928871622e+00
2.278276461096069738e+00
2.264679999587173143e+00
2.252789547020153549e+00
2.243150147185772880e+00
2.243436469585761373e+00
2.253797008815991987e+00
2.264507717961393496e+00
2.273220497361947423e+00
