1.695365597855892658e+09
1.695365597941275835e+09
1.695365598099365711e+09
1.695365598175666332e+09
1.695365598280602455e+09
1.695365598415617943e+09
1.695365598499525785e+09
1.695365598635324001e+09
1.695365598673747301e+09
1.695365598823339939e+09
1.695365598998399734e+09
1.695365599058558464e+09
1.695365599148045778e+09
1.695365599332971334e+09
1.695365599403983116e+09
1.695365599558408499e+09
1.695365599659573793e+09
1.695365599708544731e+09
1.695365599782359362e+09
1.695365599882197618e+09
1.695365600113920689e+09
1.695365600178949833e+09
1.695365600254382610e+09
1.695365600424853086e+09
1.695365600498483896e+09
1.695365600579835415e+09
1.695365600671164274e+09
1.695365600835836172e+09
1.695365600907593489e+09
1.695365600976559877e+09
1.695365601219333410e+09
1.695365601380602837e+09
1.695365601380602837e+09
1.695365601469490290e+09
1.695365601620548964e+09
1.695365601695044756e+09
1.695365601774955750e+09
1.695365601859520197e+09
1.695365602014855623e+09
1.695365602115873575e+09
1.695365602256855726e+09
1.695365602347599268e+09
1.695365602521176338e+09
1.695365602577714205e+09
1.695365602674060583e+09
1.695365602816631317e+09
1.695365602908322811e+09
1.695365602981472969e+09
1.695365603060213327e+09
1.695365603218126774e+09
