5.926189291076660156e+05
5.926186725158691406e+05
5.926181709594726562e+05
5.926181709594726562e+05
5.926176991806030273e+05
5.926171852951049805e+05
5.926168678359985352e+05
5.926165819473266602e+05
5.926159804687500000e+05
5.926157139205932617e+05
5.926153704299926758e+05
5.926150634689331055e+05
5.926147455444335938e+05
5.926141798629760742e+05
5.926138088226318359e+05
5.926135113143920898e+05
5.926128018112182617e+05
5.926124351501464844e+05
5.926120604705810547e+05
5.926116773681640625e+05
5.926108861160278320e+05
5.926104772644042969e+05
5.926100594863891602e+05
5.926093112335205078e+05
5.926088769683837891e+05
5.926084400939941406e+05
5.926080023040771484e+05
5.926075641937255859e+05
5.926066954116821289e+05
5.926062628250122070e+05
5.926053930664062500e+05
5.926049547729492188e+05
5.926045128936767578e+05
5.926044025268554688e+05
5.926034705505371094e+05
5.926030363769531250e+05
5.926022367553710938e+05
5.926019422988891602e+05
5.926016370849609375e+05
5.926011004638671875e+05
5.926007581710815430e+05
5.926004888381958008e+05
5.925999069290161133e+05
