3.763915679037586415e+01
4.513357447618145102e+01
4.066453065127579691e+01
3.674207193716985387e+01
3.274550263122646498e+01
3.094312834138412427e+01
3.068863028755700029e+01
1.734440278035920713e+01
6.797983304916821901e+00
1.579620587265466547e+01
3.477818409222585672e+01
1.744444444444444464e+00
6.946866156968664718e+00
6.728571428571427759e+00
1.717351221019493224e+01
1.980331906994168634e+01
1.666823524001427614e+01
1.931168615051590720e+01
2.630292705797908681e+01
2.337802737918224949e+01
1.723118407867181290e+01
3.618620983908363087e+01
4.022990093186818683e+01
2.072718931913634677e+01
2.204495190796381365e+01
3.037621220886098428e+01
0.000000000000000000e+00
1.005965489738089147e+01
0.000000000000000000e+00
2.038782297093179352e+01
7.874868946546237147e+00
1.579324138967863611e+01
1.569999999999999840e+00
0.000000000000000000e+00
0.000000000000000000e+00
0.000000000000000000e+00
0.000000000000000000e+00
0.000000000000000000e+00
0.000000000000000000e+00
0.000000000000000000e+00
0.000000000000000000e+00
0.000000000000000000e+00
0.000000000000000000e+00
0.000000000000000000e+00
