4.932812015200877909e+01
4.629508049113250934e+01
3.286159663788549068e+01
3.121697509546548943e+01
3.019445636150239665e+01
2.595962715245486407e+01
2.961941504796764946e+01
4.752080764740514240e+01
3.423128603086712474e+01
4.535069606173858858e+01
3.533339838936282007e+01
6.178312382024414973e+01
3.294834366734500719e+01
1.274621491027222575e+01
3.488888888888888928e+00
0.000000000000000000e+00
4.281818181818181301e+00
1.221111111111111214e+01
1.664586628620046582e+01
2.671493486159306130e+01
3.183386746197416173e+01
3.835973781482133660e+01
2.370491209420383072e+01
3.012373892918201079e+01
2.163099926313650911e+01
1.684865551817560458e+01
2.606867235798635463e+01
2.889049756151293025e+01
2.074573481682489628e+01
2.717448472160745965e+01
3.438607397546456923e+01
4.183126041654364258e+01
2.308422102147465438e+01
2.997372703793021742e+01
9.002017428837350010e+00
0.000000000000000000e+00
3.139999999999999680e+00
8.563636363636364379e+00
1.472217296206374471e+01
3.116488620080554384e+00
2.330501779589204858e+01
3.660893441789642822e+01
2.161932702476181944e+01
