2.378082625354928759e+00
2.377418018046368431e+00
2.376836778717264842e+00
2.375927284040568743e+00
2.373886995045581649e+00
2.372901271323454075e+00
2.371960929974305188e+00
2.371066271754702193e+00
2.370388320480694588e+00
2.368451122264217723e+00
2.366120868244246722e+00
2.364615506639178300e+00
2.363194008353412201e+00
2.361606240840511184e+00
2.358649523033051310e+00
2.356922966710401468e+00
2.355414867543982105e+00
2.353959269793033826e+00
2.351416537337219559e+00
2.349924732279586870e+00
2.346829984492259769e+00
2.345149646389999454e+00
2.343299034281964843e+00
2.341648745330852321e+00
2.340013995012057535e+00
2.336822675253221959e+00
2.335197940836037489e+00
2.333515648652900509e+00
2.332866781578849746e+00
2.328546356445914789e+00
2.326513863791284997e+00
2.325026448621870578e+00
2.323271716254980745e+00
2.320459175353527748e+00
2.318869189395796226e+00
2.317710327835158068e+00
2.316455201837728239e+00
2.314130423221691935e+00
2.313839140640487457e+00
2.310739960054745801e+00
2.309783516009021653e+00
2.308643759952924590e+00
2.307690890825325525e+00
2.306809331007319663e+00
2.305352324864396785e+00
2.304533424497905436e+00
2.303427971463303692e+00
2.302923076582241713e+00
2.302528143846357622e+00
2.302136921391666036e+00
2.301887188349489577e+00
2.301487171676738441e+00
2.301454828656696705e+00
2.301518656424281772e+00
2.301884192296322240e+00
2.302309705596648826e+00
2.302711356377249885e+00
2.303155643430524258e+00
2.303460917626031446e+00
2.305104348242743129e+00
2.305619857592422051e+00
2.306330136017425758e+00
2.307077871691550541e+00
2.308700379307022210e+00
2.309493414027546265e+00
2.310641071631937216e+00
2.311733541303897077e+00
2.312865773318599771e+00
2.314871616433835655e+00
2.315887800249804229e+00
2.323779093193980572e+00
2.332939292522734576e+00
2.332782950165437796e+00
2.334181229126833124e+00
2.329295916685293122e+00
2.322364957929451634e+00
2.313202926445649510e+00
2.313202926445649510e+00
