4.134140760559082031e+06
4.134140819519042969e+06
4.134140887084960938e+06
4.134140962249755859e+06
4.134141107543945312e+06
4.134141179718017578e+06
4.134141249725341797e+06
4.134141317932128906e+06
4.134141370086669922e+06
4.134141515930175781e+06
4.134141700683593750e+06
4.134141825012207031e+06
4.134141945678710938e+06
4.134142082824707031e+06
4.134142359802246094e+06
4.134142529296875000e+06
4.134142681884765625e+06
4.134142836364746094e+06
4.134143132263183594e+06
4.134143300659179688e+06
4.134143657287597656e+06
4.134143862243652344e+06
4.134144099426269531e+06
4.134144315216064453e+06
4.134144535522460938e+06
4.134144995819091797e+06
4.134145240997314453e+06
4.134145498291015625e+06
4.134145599578857422e+06
4.134146300781250000e+06
4.134146649169921875e+06
4.134146923339843750e+06
4.134147278686523438e+06
4.134147876159667969e+06
4.134148237762451172e+06
4.134148520812988281e+06
4.134148846862792969e+06
4.134149465881347656e+06
4.134149548950195312e+06
4.134150492248535156e+06
4.134150810943603516e+06
4.134151232238769531e+06
4.134151621032714844e+06
4.134152019348144531e+06
4.134152796630859375e+06
4.134153280670166016e+06
4.134154062072753906e+06
4.134154522094726562e+06
4.134154929534912109e+06
4.134155401336669922e+06
4.134155815521240234e+06
4.134156820800781250e+06
4.134157295593261719e+06
4.134157771606445312e+06
4.134158603332519531e+06
4.134159199127197266e+06
4.134159677795410156e+06
4.134160159027099609e+06
4.134160461822509766e+06
4.134161841491699219e+06
4.134162290588378906e+06
4.134162873443603516e+06
4.134163394958496094e+06
4.134164447174072266e+06
4.134164909851074219e+06
4.134165507019042969e+06
4.134166040344238281e+06
4.134166577239990234e+06
4.134167530609130859e+06
4.134168016204833984e+06
4.134168958404541016e+06
4.134169478149414062e+06
4.134169903778076172e+06
4.134170679870605469e+06
4.134170996520996094e+06
4.134171404571533203e+06
4.134172146240234375e+06
4.134172146240234375e+06
