4.134144206726074219e+06
4.134144338714599609e+06
4.134144456695556641e+06
4.134144746826171875e+06
4.134144894592285156e+06
4.134145050781250000e+06
4.134145207580566406e+06
4.134145345886230469e+06
4.134145630889892578e+06
4.134145984802246094e+06
4.134146193054199219e+06
4.134146364532470703e+06
4.134146569274902344e+06
4.134146788299560547e+06
4.134147286315917969e+06
4.134147531494140625e+06
4.134147954101562500e+06
4.134148261657714844e+06
4.134148790496826172e+06
4.134148790496826172e+06
4.134149333953857422e+06
4.134149703521728516e+06
4.134149971069335938e+06
4.134150318054199219e+06
4.134150979553222656e+06
4.134151317138671875e+06
4.134151614105224609e+06
4.134151784362792969e+06
4.134152604461669922e+06
4.134152962280273438e+06
4.134153328002929688e+06
4.134153707244873047e+06
4.134154507232666016e+06
4.134154925170898438e+06
4.134155802429199219e+06
4.134156263031005859e+06
4.134156731567382812e+06
4.134156791137695312e+06
4.134157700439453125e+06
4.134158572998046875e+06
4.134159145416259766e+06
4.134159726867675781e+06
4.134160251770019531e+06
4.134161255096435547e+06
4.134161795989990234e+06
4.134162340270996094e+06
4.134163294494628906e+06
4.134163840759277344e+06
4.134164396118164062e+06
4.134164968292236328e+06
4.134165964202880859e+06
4.134166515563964844e+06
4.134166909423828125e+06
4.134167580749511719e+06
4.134167940979003906e+06
4.134168309936523438e+06
4.134168961944580078e+06
