7.191194610837432322e+01
0.000000000000000000e+00
0.000000000000000000e+00
0.000000000000000000e+00
0.000000000000000000e+00
1.088607079947965772e+01
1.570000000000000107e+01
1.840714882629937676e+01
4.481465832610118127e+01
4.320411043203467472e+01
2.633671865852520710e+01
2.244288533471623737e+01
4.590573377770476071e+01
2.461387973960006548e+01
2.675880972154635629e+01
2.773587747395628611e+01
3.428926474116634182e+01
3.765029089583196509e+01
4.214013748504156354e+01
2.996691552197982134e+01
3.768321380578258584e+01
4.080358622260744994e+01
3.302720843520161509e+01
2.983583133532235010e+01
2.629924081002339875e+01
2.214658379664476939e+01
3.912551623226968189e+01
2.445857972008037962e+01
3.905038444523625429e+01
3.640595358952213445e+01
3.152473606267536610e+01
5.279329737391346811e+01
3.520321403650647341e+01
4.700265933500437399e+01
3.967520450599936055e+01
1.773298073968217636e+01
1.767942009976108864e+01
2.862715907118208136e+01
1.892026899497920667e+01
3.896483686571553307e+01
4.635406210807953897e+01
3.874616586135974217e+01
1.583586626631499072e+01
2.538215216830993626e+01
3.340091040778381881e+01
3.998760113520981463e+01
4.037797336620613464e+01
1.948832976749179480e+01
1.962499999999999911e+00
3.962934823438688881e+01
1.315057338689351063e+01
0.000000000000000000e+00
0.000000000000000000e+00
0.000000000000000000e+00
0.000000000000000000e+00
1.083847722966590688e+01
3.295640729715611617e+00
0.000000000000000000e+00
5.233333333333332504e+00
0.000000000000000000e+00
0.000000000000000000e+00
0.000000000000000000e+00
0.000000000000000000e+00
0.000000000000000000e+00
