1.695364842169403315e+09
1.695364842260863304e+09
1.695364842328069448e+09
1.695364842495036840e+09
1.695364842567376852e+09
1.695364842647987366e+09
1.695364842731383324e+09
1.695364842807063341e+09
1.695364842990411043e+09
1.695364843151513815e+09
1.695364843229029179e+09
1.695364843310750723e+09
1.695364843390278578e+09
1.695364843548831463e+09
1.695364843630389214e+09
1.695364843718569040e+09
1.695364843791056871e+09
1.695364843947758913e+09
1.695364844127698183e+09
1.695364844191732645e+09
1.695364844268367529e+09
1.695364844426601648e+09
1.695364844531370401e+09
1.695364844586689234e+09
1.695364844666614532e+09
1.695364844833043814e+09
1.695364844941510439e+09
1.695364844985096216e+09
1.695364845146433115e+09
1.695364845305525303e+09
1.695364845394122601e+09
1.695364845465084076e+09
1.695364845557578564e+09
1.695364845704559326e+09
1.695364845783487082e+09
1.695364845867790222e+09
1.695364845949313641e+09
1.695364846103433609e+09
1.695364846276815176e+09
1.695364846421974421e+09
1.695364846501501322e+09
1.695364846581630230e+09
1.695364846665382624e+09
1.695364846822352171e+09
1.695364846920652866e+09
1.695364846994571924e+09
1.695364847062100410e+09
1.695364847221631527e+09
1.695364847388565302e+09
1.695364847467023849e+09
1.695364847621466637e+09
1.695364847699313402e+09
1.695364847796006680e+09
1.695364847859980345e+09
1.695364848018189669e+09
1.695364848105142832e+09
1.695364848183751822e+09
1.695364848347094774e+09
1.695364848528122902e+09
1.695364848617665529e+09
1.695364848697640419e+09
1.695364848767154217e+09
1.695364848847524166e+09
1.695364849029278994e+09
1.695364849086621761e+09
1.695364849165543079e+09
1.695364849245122910e+09
1.695364849333374262e+09
1.695364849566934347e+09
1.695364849650257587e+09
1.695364849729782581e+09
1.695364849884366989e+09
1.695364849967298031e+09
1.695364850058290005e+09
1.695364850126435280e+09
1.695364850284089327e+09
1.695364850365456343e+09
1.695364850445235014e+09
1.695364850708806038e+09
1.695364850786748886e+09
1.695364850885756969e+09
1.695364850946244955e+09
1.695364851027343273e+09
1.695364851186505556e+09
1.695364851270285845e+09
1.695364851353617191e+09
1.695364851426269770e+09
1.695364851589791536e+09
1.695364851746294737e+09
1.695364851828241348e+09
1.695364851997033834e+09
1.695364852072763205e+09
1.695364852205112457e+09
1.695364852304472685e+09
1.695364852387536526e+09
1.695364852464618921e+09
1.695364852544945478e+09
1.695364852730140448e+09
