2.379037469697493634e+00
2.379037469697493634e+00
2.379037469697493634e+00
2.379037469697493634e+00
2.379037469697493634e+00
2.379037469697493634e+00
2.379037469697493634e+00
2.379037469697493634e+00
2.379037469697493634e+00
2.379037469697493634e+00
2.379037469697493634e+00
2.379037469697493634e+00
2.379037469697493634e+00
2.379037469697493634e+00
2.379037469697493634e+00
2.379037469697493634e+00
2.379037469697493634e+00
2.379037469697493634e+00
2.379037469697493634e+00
2.379037469697493634e+00
2.379037469697493634e+00
2.379037469697493634e+00
2.379037469697493634e+00
2.379037469697493634e+00
2.379037469697493634e+00
2.379037469697493634e+00
2.379037469697493634e+00
2.379037469697493634e+00
2.379037469697493634e+00
2.379037469697493634e+00
2.379037469697493634e+00
2.379037469697493634e+00
2.379037469697493634e+00
2.379037469697493634e+00
2.379037469697493634e+00
2.379037469697493634e+00
2.379037469697493634e+00
2.379037469697493634e+00
2.362777273471863282e+00
2.343616362209388626e+00
2.323960102987996379e+00
2.304772826430934174e+00
2.284812434215410804e+00
2.266008919168456259e+00
2.246377161028902947e+00
2.227005061093620952e+00
2.206722692704801148e+00
2.187220364193223077e+00
2.186370016863747878e+00
2.186773752081876410e+00
2.187143931470529878e+00
2.187526361400102815e+00
2.187921041870595218e+00
2.188299743374670925e+00
2.188701880696157787e+00
2.189090702212297401e+00
2.189457685807667531e+00
2.189856094703657163e+00
2.190557038697136250e+00
2.191375960725991945e+00
2.192187958536067072e+00
2.193019663738056124e+00
2.193842846824622939e+00
2.194683340458141174e+00
2.195501463538676035e+00
2.196332369792344252e+00
2.197161678149370800e+00
2.197958495941350066e+00
2.198637602014059667e+00
2.199407255563130548e+00
2.200152141714255549e+00
2.200906615245230569e+00
2.201662420356740313e+00
