4.134145714782714844e+06
4.134145966430664062e+06
4.134146222137451172e+06
4.134146472473144531e+06
4.134146739440917969e+06
4.134146992218017578e+06
4.134147251098632812e+06
4.134147561462402344e+06
4.134147952331542969e+06
4.134148326660156250e+06
4.134148689025878906e+06
4.134149062194824219e+06
4.134149446533203125e+06
4.134149830261230469e+06
4.134150208251953125e+06
4.134150573059082031e+06
4.134150952850341797e+06
4.134151366271972656e+06
4.134151868347167969e+06
4.134152350219726562e+06
4.134152836486816406e+06
4.134153312255859375e+06
4.134153797180175781e+06
4.134154281738281250e+06
4.134154762420654297e+06
4.134155267211914062e+06
4.134155758178710938e+06
4.134156248352050781e+06
4.134156807647705078e+06
4.134157356719970703e+06
4.134157887268066406e+06
4.134158465454101562e+06
4.134159004516601562e+06
4.134159580200195312e+06
4.134160105895996094e+06
4.134160657409667969e+06
4.134161222595214844e+06
4.134161665863037109e+06
4.134162154785156250e+06
4.134162661224365234e+06
4.134163154846191406e+06
4.134163650817871094e+06
4.134164138488769531e+06
4.134164613861083984e+06
4.134165125885009766e+06
4.134165651977539062e+06
4.134166207183837891e+06
