2.585910305892847205e+01
5.243886801244834572e+01
4.238380349609495568e+01
2.080292857402265838e+01
3.821520804622232959e+01
3.872370331942143196e+01
3.635341678048470015e+01
3.533494336056265439e+01
3.586641663691527526e+01
2.737407243407346868e+01
2.851395114762725669e+01
3.797157928520029913e+01
4.274564313786882508e+01
4.976841912458790063e+01
3.499256910183944314e+01
4.350006239701460231e+01
3.493072206439238414e+01
2.010227536949600591e+01
3.869677726414736441e+01
5.497459231343326280e+01
1.569999999999999751e+01
1.649171009465972659e+01
1.662272516253963772e+01
1.693479677269467132e+01
1.809719174998229363e+01
4.455749617912896099e+01
5.311483392789752145e+01
5.287541496923395812e+01
3.484934242741777410e+01
3.168902655757841558e+01
4.448190404199652903e+01
6.394555181322915161e+01
4.284932360825709452e+01
5.488436680012800650e+01
3.541612356478782431e+01
2.564389033550815000e+01
3.073183596726753564e+01
2.910344336858599235e+01
3.315923176360598035e+01
3.054877217984441629e+01
2.287610194521797169e+01
1.917783072893094243e+01
1.712028569421191193e+01
3.106344222436797153e+01
3.840459334911851386e+01
5.937815588204645678e+01
5.413312343019678963e+01
2.750463865786282014e+01
0.000000000000000000e+00
0.000000000000000000e+00
6.279999999999999361e+00
1.569999999999999840e+00
0.000000000000000000e+00
0.000000000000000000e+00
0.000000000000000000e+00
0.000000000000000000e+00
0.000000000000000000e+00
