-3.161302753153906409e+00
-3.039866690079102263e+00
-2.949157396551895793e+00
-2.819323795668841726e+00
-2.704890615614833571e+00
-2.608562035556137193e+00
-2.515480616889564036e+00
-2.418395661018993614e+00
-2.391623712359538079e+00
-2.303426462883870318e+00
-2.196159151223272765e+00
-2.109738756656947434e+00
-2.049762058633920248e+00
-1.915195102941127825e+00
-1.863299745125486684e+00
-1.760377117587260232e+00
-1.717303136228840454e+00
-1.610859183737447076e+00
-1.560901717337801475e+00
-1.496087086555978329e+00
-1.366578878780871253e+00
-1.268659834112485285e+00
-1.223307088865696723e+00
-1.137812568859934315e+00
-1.061791960798883716e+00
-9.669620310066859847e-01
-8.655060042401643283e-01
-7.788959797098462534e-01
-7.041914415955879969e-01
-6.286511630406342865e-01
-5.636558003801929173e-01
-5.107901940230730187e-01
-4.274829724399298314e-01
-3.432275134832542540e-01
-2.530767794921662261e-01
-1.752635662274339701e-01
-8.270363427520996402e-02
4.293698831403561754e-03
6.911861842761544972e-02
1.199137947873132742e-01
1.896062414196053036e-01
2.491751638936519908e-01
3.093405985849700390e-01
3.488421530514279056e-01
3.965201988849983428e-01
4.360309529187451627e-01
4.999664020314586454e-01
5.292069184607492982e-01
5.708424421066118359e-01
5.674041870547944511e-01
5.511810098960113757e-01
5.469466695475182494e-01
5.574350108034473728e-01
1.357199206893115739e-01
-3.488389566168279110e+00
-5.026773644583951040e+00
-4.795866511957211031e+00
-3.117792458961207824e+00
-1.353694541997085388e+00
1.509544149991627893e-01
9.098459125015685434e-01
9.937702430908648132e-01
7.124760346443909098e-01
6.369559675390909503e-02
-3.878429210634464774e-01
-5.651823765108563435e-01
-4.852738115117198325e-01
-2.560741539181493609e-01
6.904723751345051563e-02
3.431172158056109422e-01
5.066678748733260962e-01
5.492800297105746576e-01
5.536686433198324542e-01
