0.000000000000000000e+00
4.431121062305980729e+01
1.806003667877469709e+01
3.143228431797460942e+01
1.021818163157533377e+01
1.816113318238076602e+01
2.223263809046518702e+01
3.750693486897971951e+01
3.629805263341663846e+01
2.744778702193708853e+01
5.550676065381017565e+01
4.354471198346759309e+01
4.321037557601941614e+01
2.586483654201483517e+01
4.934925821278571334e+01
5.980593532657228906e+01
2.770332655103510433e+01
3.753158113805900342e+01
2.213494037424734273e+01
2.219302486576923172e+01
2.149320471279991906e+01
3.216653646362483698e+01
3.362789234218550405e+01
4.665954734911377955e+01
1.709686213625982276e+01
1.571714341579848551e+01
3.558402755936064921e+01
3.847846287651430686e+01
3.683506254310394468e+01
4.772708310986516977e+01
4.619957318084703957e+01
5.912314211263130659e+01
4.933070380602457305e+01
4.718927288460015035e+01
4.796902513117235856e+01
3.328289502937932554e+01
4.897985707756810569e+01
3.108599664626448700e+01
3.422322548590054936e+01
3.270565239032720939e+01
3.782498050001242973e+01
3.571580297253440506e+01
3.129612311630473442e+01
2.779255843810897630e+01
2.085809557243801038e+01
1.690818517391904052e+01
2.019876797803996382e+01
5.474266210225312079e+01
2.903763595174372014e+01
0.000000000000000000e+00
0.000000000000000000e+00
7.342698314961880079e+00
2.185499811581818719e+01
1.791238139703157373e+01
1.648873508386128606e+01
6.279999999999999361e+00
0.000000000000000000e+00
