5.926191026229858398e+05
5.926188914031982422e+05
5.926186724243164062e+05
5.926184564208984375e+05
5.926182315292358398e+05
5.926180241775512695e+05
5.926177964477539062e+05
5.926175817871093750e+05
5.926173694229125977e+05
5.926170638885498047e+05
5.926167288055419922e+05
5.926163894882202148e+05
5.926160466537475586e+05
5.926156971282958984e+05
5.926153478546142578e+05
5.926150214385986328e+05
5.926146787796020508e+05
5.926143424453735352e+05
5.926139855957031250e+05
5.926136543273925781e+05
5.926132566528320312e+05
5.926128797073364258e+05
5.926124933547973633e+05
5.926121020050048828e+05
5.926117235641479492e+05
5.926113303070068359e+05
5.926109691009521484e+05
5.926105816726684570e+05
5.926101936798095703e+05
5.926098592147827148e+05
5.926094785995483398e+05
5.926091129302978516e+05
5.926087517395019531e+05
5.926083685073852539e+05
5.926080043487548828e+05
5.926076452102661133e+05
5.926072727203369141e+05
5.926070580902099609e+05
5.926070580902099609e+05
5.926066795730590820e+05
5.926061869812011719e+05
5.926057459869384766e+05
5.926052696838378906e+05
5.926047712707519531e+05
5.926043127746582031e+05
5.926038474807739258e+05
5.926034004898071289e+05
5.926029276962280273e+05
5.926026957550048828e+05
5.926024915771484375e+05
5.926022338485717773e+05
5.926019780883789062e+05
5.926017120056152344e+05
5.926014607696533203e+05
5.926012090988159180e+05
5.926009562911987305e+05
5.926007080307006836e+05
5.926004536132812500e+05
5.926001970825195312e+05
5.925998979263305664e+05
5.925995330200195312e+05
5.925991833801269531e+05
5.925988352661132812e+05
5.925984140625000000e+05
5.925980884246826172e+05
5.925977295379638672e+05
5.925973948669433594e+05
5.925970454711914062e+05
5.925966654205322266e+05
5.926175927276611328e+05
5.926175927276611328e+05
5.926175927505493164e+05
5.926175928039550781e+05
5.926175928268432617e+05
5.926175928421020508e+05
5.926175928421020508e+05
5.926175928421020508e+05
5.926175928421020508e+05
5.926175928421020508e+05
5.926175928421020508e+05
5.926175928421020508e+05
