2.373454066508296378e+00
2.371820808297186112e+00
2.371278056602090345e+00
2.371268268465690277e+00
2.369288181344334276e+00
2.367735490114289298e+00
2.365745088093812676e+00
2.362521457318162099e+00
2.360717779908523717e+00
2.359253560221320711e+00
2.357274177304075735e+00
2.353785658644442336e+00
2.352034150260516654e+00
2.350473670588383079e+00
2.349583501142841868e+00
2.346818833617904332e+00
2.343474038277888027e+00
2.341575818747655191e+00
2.339956867596962198e+00
2.336617323938158464e+00
2.335038655642442507e+00
2.333824553834902282e+00
2.332217933200263715e+00
2.330605540858783797e+00
2.329026087445823734e+00
2.326413163026305853e+00
2.323637312953426459e+00
2.322259576531783054e+00
2.320906748615124471e+00
2.318242092269898080e+00
2.316920408168629208e+00
2.315509450231189703e+00
2.314542069527642631e+00
2.312390814082935009e+00
2.311342094422016658e+00
2.309136500900329736e+00
2.308071585560911743e+00
2.306806219324716523e+00
2.305945860073542519e+00
2.305235734790806568e+00
2.304564008519691676e+00
2.303704022979425226e+00
2.303363194035425110e+00
2.302969690752592058e+00
2.302140250645245523e+00
2.301779285024403876e+00
2.301559848198798441e+00
2.301693110337442505e+00
2.301980028131902500e+00
2.302307519195486485e+00
2.302620453720001237e+00
2.303632902976438857e+00
2.303632902976438857e+00
2.304032178182799484e+00
2.304182808229238155e+00
2.302903250711293204e+00
2.292629968133153895e+00
2.280608453088387222e+00
2.262074746857063445e+00
2.254400516757007367e+00
2.248169267403206106e+00
2.242107654225142355e+00
2.232290966137422394e+00
2.227409475399920069e+00
