-7.975172942799343412e-01
-8.093492394360335407e-01
-6.146530280857542827e-01
-6.200158219194823461e-01
-4.710966125692809814e-01
-4.983784826686159519e-01
-3.896343315409692698e-01
-3.428800218283150070e-01
-4.105686665751973607e-01
-2.267565696117986584e-01
-1.259072784823518643e-01
-7.855718864715012517e-02
-1.825329815750830961e-02
6.960256017733576495e-02
1.312817737465514500e-01
9.174409177571998808e-02
1.372585171306386631e-01
1.834527463964746308e-01
3.217964360094111020e-01
3.962417688831103568e-01
4.636030924658373076e-01
4.805500004879652565e-01
5.365635319211840004e-01
5.286587387692784912e-01
4.438987641764874370e-01
5.486957458237566865e-01
5.891785109445375479e-01
4.075356279360011214e-01
4.601185252715760399e-01
7.953514298265101923e-01
7.855978762333635235e-01
9.839635036044445116e-01
-5.000530761410473701e+00
-6.634198029008139486e+00
-6.260195246896173238e+00
-2.692267821928678195e+00
-1.987774922093590302e+00
9.793866420376311499e-01
-4.914895023580111988e-01
1.772022268376965304e+00
-7.742567584786710366e-01
-2.880161036760712445e+00
-1.078321032940753321e+00
