0.000000000000000000e+00
0.000000000000000000e+00
0.000000000000000000e+00
0.000000000000000000e+00
0.000000000000000000e+00
0.000000000000000000e+00
0.000000000000000000e+00
0.000000000000000000e+00
0.000000000000000000e+00
0.000000000000000000e+00
0.000000000000000000e+00
0.000000000000000000e+00
0.000000000000000000e+00
0.000000000000000000e+00
0.000000000000000000e+00
0.000000000000000000e+00
0.000000000000000000e+00
0.000000000000000000e+00
0.000000000000000000e+00
0.000000000000000000e+00
0.000000000000000000e+00
0.000000000000000000e+00
0.000000000000000000e+00
0.000000000000000000e+00
0.000000000000000000e+00
0.000000000000000000e+00
0.000000000000000000e+00
0.000000000000000000e+00
2.598238045896977866e+01
1.113664760737874104e+01
7.250000000000000000e+00
0.000000000000000000e+00
5.661896203652346138e+00
5.799999999999999822e+00
2.636363636363636243e+00
0.000000000000000000e+00
0.000000000000000000e+00
0.000000000000000000e+00
0.000000000000000000e+00
0.000000000000000000e+00
0.000000000000000000e+00
0.000000000000000000e+00
1.611111111111111160e+00
7.909090909090909172e+00
1.100893610962622837e+01
2.547499759935455188e+00
0.000000000000000000e+00
1.333764626687034927e+01
2.833885427426675108e+01
1.206927171466004189e+01
3.935516444034069394e+01
4.228699124339367899e+00
3.229875472987446727e+01
4.281361130661372982e+01
3.883395038013316025e+01
