4.134145458496093750e+06
4.134145779113769531e+06
4.134146107849121094e+06
4.134146434326171875e+06
4.134146751525878906e+06
4.134147076843261719e+06
4.134147547485351562e+06
4.134148147644042969e+06
4.134148704284667969e+06
4.134149234375000000e+06
4.134149802398681641e+06
4.134150358489990234e+06
4.134150934082031250e+06
4.134151488677978516e+06
4.134152060882568359e+06
4.134152606903076172e+06
4.134153044342041016e+06
4.134153540466308594e+06
4.134154046966552734e+06
4.134154528167724609e+06
4.134155024566650391e+06
4.134155536254882812e+06
4.134156018005371094e+06
4.134156538085937500e+06
4.134157016540527344e+06
4.134157533905029297e+06
4.134157958099365234e+06
4.134158502258300781e+06
4.134158961456298828e+06
4.134159462402343750e+06
4.134159931945800781e+06
4.134160437500000000e+06
4.134160929321289062e+06
4.134161391967773438e+06
4.134161890838623047e+06
4.134162360656738281e+06
