4.068276959938634008e+01
3.244100682952867487e+01
3.178082717515756528e+01
3.877989728803287051e+01
4.735045651050736382e+01
3.908227880794737530e+01
4.719168963164640473e+01
3.502075704659195310e+01
4.100315675877915567e+01
4.764044171203662614e+01
2.773357649627628163e+01
3.608635023703932632e+01
3.471295750655475842e+01
3.691482517107578332e+01
3.752188292887176146e+01
2.935850838256229878e+01
2.107416944715819085e+01
2.137906567524745682e+01
1.874696522914805996e+01
4.427328040345464899e+01
5.401481514483568702e+01
4.287545751363268209e+01
2.290545234149482212e+01
8.722222222222221433e+00
1.570000000000000107e+01
1.569999999999999929e+01
1.569999999999999929e+01
1.808669912322964279e+01
2.902633400895159710e+01
3.213830364359544234e+01
3.277350177920989438e+01
2.843176306503119477e+01
1.617993582318725387e+01
1.569999999999999929e+01
1.648583445287442828e+01
1.758785364805333629e+01
1.639598484405088996e+01
1.813109844671716075e+01
1.800344156508121074e+01
1.732241593563361093e+01
1.601268743572374831e+01
1.570000000000000107e+01
1.619291193255240202e+01
1.782433888210249862e+01
1.569999999999999929e+01
1.569999999999999751e+01
1.395555555555555571e+01
8.563636363636364379e+00
6.279999999999999361e+00
5.887499999999999289e+00
