2.334495692167385172e+00
2.332643307123678511e+00
2.329425870011087696e+00
2.329425870011087696e+00
2.326572426480343125e+00
2.323970638705398883e+00
2.322632005972773861e+00
2.321478005363606378e+00
2.318970510046623801e+00
2.317640370999641597e+00
2.315886358675417256e+00
2.314346282224173379e+00
2.312867043760395092e+00
2.310877040012161210e+00
2.310089968579482012e+00
2.309389609740025939e+00
2.307607751222036541e+00
2.306805447128911446e+00
2.305930879448301773e+00
2.305036583441419040e+00
2.303248957354097293e+00
2.302757945833877606e+00
2.302516132943535077e+00
2.302034219108106683e+00
2.301813670099548403e+00
2.301852912299097831e+00
2.301826970402056638e+00
2.301780794924670914e+00
2.301895435783408495e+00
2.302090685979331752e+00
2.302816592439294041e+00
2.303324326652744780e+00
2.303911643925832919e+00
2.304056814704921408e+00
2.305215899943576119e+00
2.305739150037579677e+00
2.306721785929925161e+00
2.312141405479559708e+00
2.305812553307092116e+00
2.290639674222410882e+00
2.282031600028409990e+00
2.272718119437561413e+00
2.242498657704066645e+00
