4.134147634582519531e+06
4.134147902648925781e+06
4.134148429473876953e+06
4.134148429473876953e+06
4.134148927825927734e+06
4.134149473876953125e+06
4.134149812530517578e+06
4.134150118286132812e+06
4.134150763763427734e+06
4.134151050781250000e+06
4.134151421813964844e+06
4.134151754455566406e+06
4.134152100067138672e+06
4.134152717468261719e+06
4.134153123657226562e+06
4.134153449951171875e+06
4.134154229797363281e+06
4.134154633789062500e+06
4.134155047241210938e+06
4.134155470794677734e+06
4.134156347839355469e+06
4.134156802246093750e+06
4.134157267089843750e+06
4.134158100341796875e+06
4.134158584350585938e+06
4.134159071472167969e+06
4.134159559631347656e+06
4.134160048156738281e+06
4.134161017028808594e+06
4.134161499359130859e+06
4.134162468658447266e+06
4.134162956634521484e+06
4.134163448181152344e+06
4.134163570831298828e+06
4.134164605407714844e+06
4.134165086517333984e+06
4.134165971221923828e+06
4.134166347229003906e+06
4.134166708587646484e+06
4.134167326873779297e+06
4.134167729278564453e+06
4.134168034912109375e+06
4.134168677612304688e+06
