2.379037469697493634e+00
2.379037469697493634e+00
2.379037469697493634e+00
2.379037469697493634e+00
2.379037469697493634e+00
2.379037469697493634e+00
2.379037469697493634e+00
2.379037469697493634e+00
2.379037469697493634e+00
2.379037469697493634e+00
2.379037469697493634e+00
2.379037469697493634e+00
2.379037469697493634e+00
2.379037469697493634e+00
2.379037469697493634e+00
2.379037469697493634e+00
2.379037469697493634e+00
2.379037469697493634e+00
2.379037469697493634e+00
2.379037469697493634e+00
2.379037469697493634e+00
2.379037469697493634e+00
2.379037469697493634e+00
2.379037469697493634e+00
2.379037469697493634e+00
2.379037469697493634e+00
2.379037469697493634e+00
2.379037469697493634e+00
2.379037469697493634e+00
2.379037469697493634e+00
2.355607244924584620e+00
2.326841110632926757e+00
2.296820627477558219e+00
2.269666504581238087e+00
2.239498748618728996e+00
2.212431977405486805e+00
2.182353969971018159e+00
2.153724988474436941e+00
2.125001731075997213e+00
2.096976221877753233e+00
2.099515013325259360e+00
2.104739869027412169e+00
2.109942087860474658e+00
2.115698244195982625e+00
2.120976895751738311e+00
2.126048087060183889e+00
2.131410361873520287e+00
2.136612048074368886e+00
2.141995628176260880e+00
2.147657774926017282e+00
