4.134142877502441406e+06
4.134143233856201172e+06
4.134143444335937500e+06
4.134143629333496094e+06
4.134143812194824219e+06
4.134144155822753906e+06
4.134144365234375000e+06
4.134144532836914062e+06
4.134144735992431641e+06
4.134145202087402344e+06
4.134145431274414062e+06
4.134145637695312500e+06
4.134145905853271484e+06
4.134146361328125000e+06
4.134146608398437500e+06
4.134146670379638672e+06
4.134147114318847656e+06
4.134147634796142578e+06
4.134147924926757812e+06
4.134148549346923828e+06
4.134148772644042969e+06
4.134149110229492188e+06
4.134149412384033203e+06
4.134149982910156250e+06
4.134150252777099609e+06
4.134150616241455078e+06
4.134150955261230469e+06
4.134151307678222656e+06
4.134152004699707031e+06
4.134152432922363281e+06
4.134153202331542969e+06
4.134153202331542969e+06
4.134153940612792969e+06
4.134154399200439453e+06
4.134154711395263672e+06
4.134155028808593750e+06
4.134155797851562500e+06
4.134156697448730469e+06
4.134157159759521484e+06
4.134157638183593750e+06
4.134158126586914062e+06
4.134159621643066406e+06
4.134159621643066406e+06
4.134160631042480469e+06
4.134160631042480469e+06
4.134162095092773438e+06
4.134163183105468750e+06
4.134164229370117188e+06
4.134164979705810547e+06
4.134165405639648438e+06
4.134166162963867188e+06
4.134166162963867188e+06
4.134166834472656250e+06
