-2.860272360729852803e+00
-2.652731349852132325e+00
-2.439159315651779014e+00
-2.400858154843902970e+00
-2.365870882350342708e+00
-2.311965180371779116e+00
-2.288112073391545209e+00
-2.154004226506752939e+00
-1.850117554338267523e+00
-1.775878955266335213e+00
-1.584881964200907323e+00
-1.511009264068116753e+00
-1.735546871852269302e+00
-1.659624371610871396e+00
-1.450099626171670986e+00
-1.444107359007056779e+00
-1.343112315442005933e+00
-1.268757061796173646e+00
-1.209859929850192861e+00
-1.152224680328319595e+00
-1.064152872682898820e+00
-1.016065854347150799e+00
-9.362368588737941533e-01
-8.726110116157574925e-01
-8.326424210680073434e-01
-7.796404960567289155e-01
-6.811153560044221900e-01
-6.674641066210399432e-01
-5.681898977828081510e-01
-5.508248755316234035e-01
-4.414651600727455549e-01
-2.889755969061657548e-01
-2.480871447059749269e-01
-1.237976416821512243e-01
-6.847829780127534516e-02
-6.356716530114216168e-02
-1.068578907736747324e-01
3.902270712454383728e-02
1.040041269768299526e-01
2.173617572402971876e-01
2.474390447596143128e-01
2.826347578697065988e-01
3.220072066707326819e-01
3.000624556787621633e-01
2.973166671511632275e-01
2.924877861229034925e-01
3.292053340246203774e-01
4.547810478461049022e-01
5.046863317731499210e-01
8.952041053137096416e-01
5.376674622572572559e+00
1.247056261379364095e+01
1.807926981789077203e+01
