4.134142665557861328e+06
4.134142918029785156e+06
4.134143151153564453e+06
4.134143410522460938e+06
4.134143648986816406e+06
4.134143896179199219e+06
4.134144142578125000e+06
4.134144390625000000e+06
4.134144714141845703e+06
4.134145089233398438e+06
4.134145458862304688e+06
4.134145816772460938e+06
4.134146189300537109e+06
4.134146554779052734e+06
4.134146942687988281e+06
4.134147295318603516e+06
4.134147669555664062e+06
4.134148031982421875e+06
4.134148463317871094e+06
4.134148899383544922e+06
4.134149366210937500e+06
4.134149816894531250e+06
4.134150277679443359e+06
4.134150740417480469e+06
4.134151188781738281e+06
4.134151657196044922e+06
4.134152105468750000e+06
4.134152578491210938e+06
4.134153084472656250e+06
4.134153674682617188e+06
4.134154230712890625e+06
4.134154802581787109e+06
4.134155381805419922e+06
4.134155967041015625e+06
4.134156539215087891e+06
4.134157111083984375e+06
4.134157688598632812e+06
4.134158014160156250e+06
4.134158453918457031e+06
4.134159011047363281e+06
4.134159538452148438e+06
4.134160084686279297e+06
4.134160628295898438e+06
4.134161153411865234e+06
4.134161712707519531e+06
4.134162267425537109e+06
4.134162812591552734e+06
4.134163341766357422e+06
4.134163776367187500e+06
4.134164277923583984e+06
4.134164764953613281e+06
4.134165258239746094e+06
4.134165771545410156e+06
4.134166265808105469e+06
4.134166749328613281e+06
4.134167238189697266e+06
4.134167732788085938e+06
4.134168238922119141e+06
4.134168674774169922e+06
4.134169158813476562e+06
4.134169650695800781e+06
4.134170111328125000e+06
4.134170593688964844e+06
4.134171085021972656e+06
4.134171581298828125e+06
4.134172071594238281e+06
4.134172543029785156e+06
4.134173015075683594e+06
4.134173463165283203e+06
4.134173932434082031e+06
4.134174419494628906e+06
4.134174876464843750e+06
4.134175369812011719e+06
4.134175863464355469e+06
4.134176315917968750e+06
4.134176786499023438e+06
4.134177267364501953e+06
4.134177742645263672e+06
4.134178172058105469e+06
4.134178667663574219e+06
4.134179108001708984e+06
4.134179604858398438e+06
4.134180061950683594e+06
4.134180533935546875e+06
4.134181020812988281e+06
4.134181485290527344e+06
4.134181946105957031e+06
4.134182430297851562e+06
4.134182829833984375e+06
4.134183276611328125e+06
4.134183749023437500e+06
4.134184213195800781e+06
4.134184681457519531e+06
4.134185121704101562e+06
4.134185597717285156e+06
4.134186036804199219e+06
4.134186507537841797e+06
4.134186996765136719e+06
