4.651084179017424702e+01
4.525700816672706850e+01
4.692933679257871660e+01
3.473444030203278743e+01
2.640416593771142217e+01
4.462550746894014253e+01
1.930650197992844141e+01
2.281050003888000433e+01
3.975039407232642219e+01
6.279999999999999361e+00
1.569999999999999929e+01
1.570000000000000107e+01
1.650367414230111152e+01
1.780193188340735588e+01
1.569999999999999929e+01
2.021038023097336733e+01
3.153761082812659566e+01
3.444567030610616598e+01
1.844291796026903185e+01
1.569999999999999929e+01
2.547963303333492036e+01
4.138745455039013876e+01
4.998180856030094077e+01
5.422965483902633110e+01
4.389564443777383929e+01
3.547933876446573720e+01
2.693905965031207828e+01
3.220335681643851444e+01
2.335017259218034269e+01
2.038780005008556628e+01
1.664976670726650454e+01
1.570000000000000107e+01
1.684479727598437648e+01
2.621701417025217751e+01
2.851225445351242627e+01
2.381903254530210390e+01
1.569999999999999929e+01
1.874463322026963752e+01
1.569999999999999929e+01
1.700329803417859154e+01
1.630865981712647184e+01
1.569999999999999929e+01
1.831301620639845495e+01
1.628218854169389829e+01
1.570000000000000107e+01
1.591535116435909991e+01
1.695366967020486726e+01
1.221111111111111214e+01
0.000000000000000000e+00
1.427272727272727249e+00
7.849999999999999645e+00
6.977777777777777857e+00
1.284545454545454568e+01
7.136363636363636687e+00
6.977777777777777857e+00
1.635045791878575372e+01
1.569999999999999929e+01
1.570000000000000107e+01
1.648419692760616329e+01
1.570000000000000107e+01
1.569999999999999929e+01
1.705634362916176272e+01
1.569999999999999929e+01
