5.926237801208496094e+05
5.926236343536376953e+05
5.926234822311401367e+05
5.926231462554931641e+05
5.926229728775024414e+05
5.926227904052734375e+05
5.926225744857788086e+05
5.926223986816406250e+05
5.926221922912597656e+05
5.926216434402465820e+05
5.926214142303466797e+05
5.926211816253662109e+05
5.926209141159057617e+05
5.926204411849975586e+05
5.926201517868041992e+05
5.926198929672241211e+05
5.926196658935546875e+05
5.926194056167602539e+05
5.926191438446044922e+05
5.926184548492431641e+05
5.926181171569824219e+05
5.926178432312011719e+05
5.926174890823364258e+05
5.926168949356079102e+05
5.926165365905761719e+05
5.926162495956420898e+05
5.926158641357421875e+05
5.926152574920654297e+05
5.926149052810668945e+05
5.926145482177734375e+05
5.926138161926269531e+05
5.926134359054565430e+05
5.926129950180053711e+05
5.926126393051147461e+05
5.926122270812988281e+05
5.926113831634521484e+05
5.926109505386352539e+05
5.926105683822631836e+05
5.926102398300170898e+05
5.926091267471313477e+05
5.926086780166625977e+05
5.926082237854003906e+05
5.926077001495361328e+05
5.926067973861694336e+05
5.926062384338378906e+05
5.926057935409545898e+05
5.926052065200805664e+05
5.926046696472167969e+05
5.926037052001953125e+05
5.926031455230712891e+05
5.926025842514038086e+05
5.926014570007324219e+05
5.926008911895751953e+05
5.926003945083618164e+05
5.925997513351440430e+05
5.925986638336181641e+05
5.925980043182373047e+05
5.925974177780151367e+05
5.925964023132324219e+05
5.925958277740478516e+05
5.925952563171386719e+05
5.925946864395141602e+05
5.925935456771850586e+05
5.925929726562500000e+05
5.925923977890014648e+05
5.925918212280273438e+05
5.925906648406982422e+05
5.925900860290527344e+05
5.925898688812255859e+05
5.925889279479980469e+05
5.925878412780761719e+05
5.925872637481689453e+05
5.925866902465820312e+05
