5.926156805114746094e+05
5.926156805114746094e+05
5.926156805114746094e+05
5.926156805114746094e+05
5.926155389556884766e+05
5.926153650512695312e+05
5.926151929626464844e+05
5.926150255584716797e+05
5.926148530273437500e+05
5.926146684417724609e+05
5.926145114288330078e+05
5.926144187545776367e+05
5.926144187545776367e+05
5.926144187545776367e+05
5.926141988983154297e+05
5.926139503326416016e+05
5.926137014007568359e+05
5.926134393234252930e+05
5.926131831512451172e+05
5.926129297637939453e+05
5.926126759643554688e+05
5.926124966812133789e+05
5.926124966812133789e+05
5.926124966812133789e+05
5.926122178802490234e+05
5.926118878860473633e+05
5.926115358123779297e+05
5.926111892395019531e+05
5.926108673553466797e+05
5.926105221557617188e+05
5.926101957015991211e+05
5.926098554916381836e+05
5.926096411895751953e+05
5.926096411895751953e+05
5.926092870025634766e+05
5.926088652496337891e+05
5.926084283599853516e+05
5.926080148468017578e+05
5.926075941848754883e+05
5.926071475906372070e+05
5.926067307510375977e+05
5.926063082199096680e+05
5.926058881072998047e+05
5.926056960906982422e+05
5.926052846832275391e+05
5.926047882080078125e+05
5.926042692413330078e+05
5.926037849578857422e+05
5.926032773132324219e+05
5.926027507629394531e+05
5.926022973632812500e+05
5.926017715759277344e+05
5.926012891464233398e+05
5.926011831970214844e+05
5.926009720306396484e+05
5.926007402801513672e+05
5.926004743499755859e+05
5.926002506408691406e+05
5.926000070190429688e+05
5.925997505493164062e+05
5.925995121002197266e+05
5.925992599716186523e+05
5.925990116729736328e+05
5.925987666625976562e+05
5.925984755859375000e+05
5.925981422195434570e+05
5.925978096694946289e+05
5.925974658966064453e+05
5.925971261825561523e+05
5.925967558059692383e+05
5.925964268112182617e+05
5.925960867996215820e+05
5.925957451705932617e+05
5.925954127960205078e+05
