4.134144666076660156e+06
4.134145055023193359e+06
4.134145423980712891e+06
4.134145787353515625e+06
4.134146157775878906e+06
4.134146456726074219e+06
4.134146790344238281e+06
4.134147135009765625e+06
4.134147462463378906e+06
4.134147805175781250e+06
4.134148145599365234e+06
4.134148479766845703e+06
4.134148825592041016e+06
4.134149157104492188e+06
4.134149506561279297e+06
4.134149856048583984e+06
4.134150289733886719e+06
4.134150709167480469e+06
4.134151110046386719e+06
4.134151565551757812e+06
4.134151963714599609e+06
4.134152392425537109e+06
4.134152786682128906e+06
4.134153206695556641e+06
4.134153279205322266e+06
4.134153700561523438e+06
4.134154189025878906e+06
4.134154695495605469e+06
4.134155274658203125e+06
4.134155688262939453e+06
4.134156223571777344e+06
4.134156715087890625e+06
4.134157263275146484e+06
4.134157695007324219e+06
4.134157712707519531e+06
4.134158178527832031e+06
4.134158719604492188e+06
4.134159250183105469e+06
4.134159806579589844e+06
4.134160375274658203e+06
4.134160917724609375e+06
4.134161535736083984e+06
4.134162024749755859e+06
4.134162574462890625e+06
4.134163134155273438e+06
4.134163538879394531e+06
4.134164521545410156e+06
4.134165498077392578e+06
4.134166084655761719e+06
4.134166603424072266e+06
4.134167074401855469e+06
4.134167558044433594e+06
4.134168067932128906e+06
