5.926149635543823242e+05
5.926147041091918945e+05
5.926144404525756836e+05
5.926141823577880859e+05
5.926139071350097656e+05
5.926136465377807617e+05
5.926133797073364258e+05
5.926130741195678711e+05
5.926126897277832031e+05
5.926123216400146484e+05
5.926119652404785156e+05
5.926115982742309570e+05
5.926112203063964844e+05
5.926108429260253906e+05
5.926104711761474609e+05
5.926101124725341797e+05
5.926097388839721680e+05
5.926093518447875977e+05
5.926088829803466797e+05
5.926084330749511719e+05
5.926079789810180664e+05
5.926075347366333008e+05
5.926070818786621094e+05
5.926066294708251953e+05
5.926061806030273438e+05
5.926057092666625977e+05
5.926052507781982422e+05
5.926050350494384766e+05
5.926048010482788086e+05
5.926045713500976562e+05
5.926043493804931641e+05
5.926041075134277344e+05
5.926038819885253906e+05
5.926036411437988281e+05
5.926034212188720703e+05
5.926031904830932617e+05
5.926029540557861328e+05
5.926026572341918945e+05
5.926023189163208008e+05
5.926019684448242188e+05
5.926016269073486328e+05
5.926012837371826172e+05
5.926009462585449219e+05
5.926006173477172852e+05
5.926002630004882812e+05
5.925998989715576172e+05
5.925995148391723633e+05
