5.926156678466796875e+05
5.926153375473022461e+05
5.926149943771362305e+05
5.926146450881958008e+05
5.926139319381713867e+05
5.926136145095825195e+05
5.926132475051879883e+05
5.926128291549682617e+05
5.926124974822998047e+05
5.926117606124877930e+05
5.926113579254150391e+05
5.926105299148559570e+05
5.926105299148559570e+05
5.926096587753295898e+05
5.926092188644409180e+05
5.926087789001464844e+05
5.926083414535522461e+05
5.926074741134643555e+05
5.926070418090820312e+05
5.926068794784545898e+05
5.926058411407470703e+05
5.926054479370117188e+05
5.926049325637817383e+05
5.926039995498657227e+05
5.926035243148803711e+05
5.926030428924560547e+05
5.926025575866699219e+05
5.926020700225830078e+05
5.926010819015502930e+05
5.926010196075439453e+05
5.925996303405761719e+05
5.925996303405761719e+05
5.925985936813354492e+05
5.925980614395141602e+05
5.925969848861694336e+05
5.925965210647583008e+05
5.925959380493164062e+05
5.925954300994873047e+05
5.925945529251098633e+05
5.925940521774291992e+05
5.925930572967529297e+05
5.925925583877563477e+05
5.925921168518066406e+05
