5.926162935638427734e+05
5.926162935638427734e+05
5.926162935638427734e+05
5.926162935638427734e+05
5.926160523986816406e+05
5.926157613296508789e+05
5.926154706573486328e+05
5.926151913681030273e+05
5.926149055175781250e+05
5.926146199645996094e+05
5.926143264160156250e+05
5.926140476837158203e+05
5.926137595443725586e+05
5.926135448074340820e+05
5.926132575836181641e+05
5.926129324340820312e+05
5.926125807495117188e+05
5.926122487106323242e+05
5.926119023132324219e+05
5.926115706405639648e+05
5.926112373657226562e+05
5.926111181869506836e+05
5.926111181869506836e+05
5.926111181869506836e+05
5.926107591857910156e+05
5.926103358306884766e+05
5.926099139862060547e+05
5.926094949035644531e+05
5.926090696029663086e+05
5.926086203613281250e+05
5.926082480773925781e+05
5.926078192596435547e+05
5.926076190795898438e+05
5.926076190795898438e+05
5.926074115219116211e+05
5.926071503219604492e+05
5.926068800506591797e+05
5.926066376800537109e+05
5.926063630523681641e+05
5.926061112670898438e+05
5.926058499755859375e+05
5.926055957641601562e+05
5.926053303985595703e+05
5.926050806427001953e+05
5.926047892303466797e+05
5.926044518432617188e+05
5.926040933837890625e+05
5.926037590560913086e+05
5.926034270172119141e+05
5.926030829162597656e+05
5.926027570648193359e+05
5.926024037475585938e+05
5.926020866394042969e+05
5.926017474670410156e+05
5.926014096908569336e+05
5.926010104064941406e+05
5.926006436538696289e+05
5.926002756042480469e+05
5.925999054870605469e+05
5.925995561065673828e+05
5.925991740417480469e+05
5.925988280105590820e+05
5.925984556655883789e+05
5.925980887908935547e+05
