5.926234281616210938e+05
5.926232230224609375e+05
5.926228818283081055e+05
5.926226358718872070e+05
5.926224103317260742e+05
5.926222944335937500e+05
5.926216150970458984e+05
5.926213806610107422e+05
5.926210732879638672e+05
5.926205155105590820e+05
5.926202268142700195e+05
5.926199641494750977e+05
5.926196093826293945e+05
5.926190519409179688e+05
5.926187713699340820e+05
5.926187307281494141e+05
5.926181226806640625e+05
5.926174981613159180e+05
5.926171157989501953e+05
5.926167704238891602e+05
5.926164198837280273e+05
5.926157529220581055e+05
5.926153494567871094e+05
5.926149880599975586e+05
5.926143912887573242e+05
5.926143912887573242e+05
5.926133136367797852e+05
5.926129606933593750e+05
5.926125043487548828e+05
5.926121503295898438e+05
5.926116983718872070e+05
5.926109439697265625e+05
5.926105384368896484e+05
5.926101319351196289e+05
5.926096736907958984e+05
5.926093690643310547e+05
5.926085545425415039e+05
5.926077301559448242e+05
5.926073659133911133e+05
5.926068912582397461e+05
5.926064602584838867e+05
5.926060233306884766e+05
5.926051991653442383e+05
5.926047581176757812e+05
5.926043180770874023e+05
5.926035290908813477e+05
5.926030667572021484e+05
5.926025288619995117e+05
5.926017426528930664e+05
5.926013486480712891e+05
5.926006737670898438e+05
5.926003622436523438e+05
5.926000529251098633e+05
5.925997461013793945e+05
5.925994381103515625e+05
