0.000000000000000000e+00
0.000000000000000000e+00
0.000000000000000000e+00
0.000000000000000000e+00
0.000000000000000000e+00
0.000000000000000000e+00
0.000000000000000000e+00
0.000000000000000000e+00
0.000000000000000000e+00
0.000000000000000000e+00
0.000000000000000000e+00
0.000000000000000000e+00
0.000000000000000000e+00
4.917989647753060467e+00
1.156261693618458963e+01
1.450000000000000000e+01
1.066699633391888646e+01
3.602344228191173059e+00
0.000000000000000000e+00
0.000000000000000000e+00
0.000000000000000000e+00
0.000000000000000000e+00
0.000000000000000000e+00
0.000000000000000000e+00
0.000000000000000000e+00
0.000000000000000000e+00
0.000000000000000000e+00
0.000000000000000000e+00
0.000000000000000000e+00
0.000000000000000000e+00
0.000000000000000000e+00
0.000000000000000000e+00
8.605333150764368000e+00
0.000000000000000000e+00
1.227264789064788530e+01
2.264956805880385105e+01
1.497787718948088731e+01
7.047034128973928446e+00
7.148123078304007727e+00
1.989208967470306888e+01
5.149991429087509509e+00
0.000000000000000000e+00
8.780460588847905257e+00
