1.695365134618956804e+09
1.695365134788296461e+09
1.695365134857842922e+09
1.695365134955920219e+09
1.695365135028003693e+09
1.695365135174924374e+09
1.695365135256086826e+09
1.695365135336078167e+09
1.695365135576240540e+09
1.695365135656451225e+09
1.695365135736064672e+09
1.695365135855207443e+09
1.695365135976642609e+09
1.695365136056715727e+09
1.695365136140210390e+09
1.695365136306394100e+09
1.695365136390235424e+09
1.695365136487175703e+09
1.695365136667008877e+09
1.695365136838097811e+09
1.695365136860889435e+09
1.695365137022847414e+09
1.695365137022847414e+09
1.695365137216114998e+09
1.695365137257559776e+09
1.695365137498266935e+09
1.695365137498266935e+09
1.695365137593479395e+09
1.695365137826636314e+09
1.695365137826636314e+09
1.695365138091861725e+09
1.695365138091861725e+09
1.695365138302272797e+09
1.695365138302272797e+09
1.695365138479530334e+09
1.695365138479530334e+09
1.695365138537177563e+09
1.695365138698662758e+09
1.695365138905131817e+09
1.695365139116189957e+09
1.695365139176496744e+09
1.695365139320235491e+09
1.695365139336915731e+09
1.695365139526554585e+09
1.695365139577454329e+09
1.695365139736824751e+09
1.695365139736824751e+09
1.695365139935052633e+09
1.695365140070343494e+09
1.695365140151343822e+09
1.695365140228453398e+09
1.695365140388222694e+09
1.695365140471418142e+09
1.695365140550078154e+09
1.695365140629064560e+09
1.695365140789194584e+09
1.695365140869740009e+09
