2.379037469697493634e+00
2.379037469697493634e+00
2.379037469697493634e+00
2.379037469697493634e+00
2.379037469697493634e+00
2.379037469697493634e+00
2.379037469697493634e+00
2.379037469697493634e+00
2.379037469697493634e+00
2.379037469697493634e+00
2.379037469697493634e+00
2.379037469697493634e+00
2.379037469697493634e+00
2.379037469697493634e+00
2.379037469697493634e+00
2.379037469697493634e+00
2.379037469697493634e+00
2.379037469697493634e+00
2.379037469697493634e+00
2.379037469697493634e+00
2.379037469697493634e+00
2.379037469697493634e+00
2.379037469697493634e+00
2.379037469697493634e+00
2.379037469697493634e+00
2.379037469697493634e+00
2.379037469697493634e+00
2.379037469697493634e+00
2.379037469697493634e+00
2.379037469697493634e+00
2.379037469697493634e+00
2.379037469697493634e+00
2.379037469697493634e+00
2.379037469697493634e+00
2.379037469697493634e+00
2.379037469697493634e+00
2.379037469697493634e+00
2.365258274324162358e+00
2.348307254117116827e+00
2.332467571024352537e+00
2.314975130171887940e+00
2.298478711559397425e+00
2.281790279033799607e+00
2.265555915470542914e+00
2.248506624620034700e+00
2.231242949303435807e+00
2.215351334569817254e+00
2.212944103279141927e+00
2.211647143838320062e+00
2.210357907564599600e+00
2.209125130305551465e+00
2.207872113022375515e+00
2.206653184200888518e+00
2.205364214243275001e+00
2.204047547410539210e+00
2.202863239682955054e+00
2.201544176005256759e+00
2.201884527989932394e+00
2.202384137006561104e+00
2.202883479707082870e+00
2.203359386590193481e+00
2.203848076646437448e+00
2.204347951979173104e+00
2.204811075689150357e+00
2.205313614182955462e+00
2.205812424251263337e+00
2.206287265869946168e+00
2.206577816742623099e+00
2.206883813949502837e+00
2.207198599587911758e+00
2.207506993639754000e+00
2.207823909807018481e+00
2.208138162813213512e+00
2.208451883187194653e+00
2.208761342503464675e+00
2.209064410233168019e+00
2.209379728503790830e+00
