4.134144173461914062e+06
4.134144389526367188e+06
4.134144591949462891e+06
4.134144811218261719e+06
4.134145019348144531e+06
4.134145221008300781e+06
4.134145427276611328e+06
4.134145643798828125e+06
4.134145844268798828e+06
4.134146058288574219e+06
4.134146326721191406e+06
4.134146657592773438e+06
4.134146977752685547e+06
4.134147290649414062e+06
4.134147606719970703e+06
4.134147937866210938e+06
4.134148242309570312e+06
4.134148560455322266e+06
4.134148889221191406e+06
4.134148983428955078e+06
4.134149323150634766e+06
4.134149753265380859e+06
4.134150169921875000e+06
4.134150610839843750e+06
4.134151019500732422e+06
4.134151437072753906e+06
4.134151875122070312e+06
4.134152305603027344e+06
4.134152729309082031e+06
4.134152804199218750e+06
4.134153244689941406e+06
4.134153784484863281e+06
4.134154346862792969e+06
4.134154854797363281e+06
4.134155418640136719e+06
4.134155924255371094e+06
4.134156486145019531e+06
4.134157021057128906e+06
4.134157558197021484e+06
4.134158082885742188e+06
4.134158529907226562e+06
4.134159010803222656e+06
4.134159489624023438e+06
4.134160019348144531e+06
4.134160505126953125e+06
4.134160971740722656e+06
4.134161465148925781e+06
4.134161943756103516e+06
4.134162439117431641e+06
4.134162960083007812e+06
