9.012021733541696733e+01
9.078253837575493890e+01
0.000000000000000000e+00
1.413878397936550435e+01
7.136363636363636687e+00
0.000000000000000000e+00
7.849999999999999645e+00
4.660805404769381255e+01
5.110999439891993745e+01
3.921553160227139045e+01
4.529974216811644538e+01
5.427706552006857521e+01
5.232415315642194997e+01
1.885525128523960703e+01
1.756118734192702746e+01
1.728810040738728659e+01
1.894797272683030442e+01
2.479890087684024635e+01
4.129709527784131495e+01
6.337964605830459419e+01
4.702171493052200901e+01
3.274326488277028346e+01
2.817317226379428519e+01
2.758390856985478834e+01
3.444894004727951398e+01
5.139369514994323396e+01
5.246933214784213817e+01
5.602431521198703024e+01
2.241971598831659662e+01
2.285155898932670837e+01
2.333374676250201318e+01
1.570000000000000107e+01
1.761897414317465049e+01
1.609674896480970574e+01
1.686277578821574608e+01
1.932497273909959290e+01
1.681316743545755799e+01
2.262657651332959929e+01
5.413167748778444377e+01
4.324856093931036582e+01
4.804220380089086007e+01
4.227741530026254679e+01
4.296123398719839059e+01
3.996329548220062833e+01
4.177851701139706364e+01
4.322979132088555332e+01
3.773607748460698019e+01
3.102809022797165284e+01
1.774064099455393162e+01
8.563636363636364379e+00
1.570000000000000107e+01
1.569999999999999929e+01
1.203271562179488718e+01
1.373750000000000071e+01
1.723049773770242510e+01
1.943258197677041110e+01
2.379187591650240563e+01
4.989575871984263955e+01
2.289523192011312602e+01
3.060337960241529132e+01
2.573881695046512164e+01
2.487514282296674040e+01
2.537616253346966744e+01
1.661519402444464433e+01
2.209372070675749811e+01
2.315873302841606218e+01
2.691949900632707937e+01
4.174211482556980712e+01
5.232362011663467172e+01
3.452413165182105814e+01
5.995032403059491344e+01
3.594444309134909332e+01
2.948560732219005587e+01
1.873886700501309832e+01
6.310525017623010768e+00
0.000000000000000000e+00
0.000000000000000000e+00
0.000000000000000000e+00
