-7.423308555425255362e-01
-4.062282404251459922e-01
-3.286047561443733445e-01
-2.544095138342614693e-01
-1.494567899441141545e-01
-9.196962468286123960e-02
1.128565546279249694e-03
6.944989287860067750e-02
1.086310223976947598e-01
2.321668682647522464e-01
3.304733674353000916e-01
2.480434384192607700e-01
2.505228818373368971e-01
2.813710865417074491e-01
3.529023426597354129e-01
4.485879308581987024e-01
4.503305910652739552e-01
5.826402213002889185e-01
5.423421539546787740e-01
6.345866726231261801e-01
5.630550339972427709e-01
5.976772558396941104e-01
7.436833921598826613e-01
8.302123277737102347e-01
-2.376724720073439823e+00
-2.789214051706861319e+00
-5.200022584282991467e+00
-4.325012722890136274e+00
-3.021003054052653791e+00
-1.186473696686111357e+00
5.326658183702007721e-01
2.050435713060170251e+00
1.926039783947620432e+00
-1.030493149044257456e-01
-3.155025591767229298e-01
-1.139811410774908440e+00
-8.354010843908760142e-01
1.268829044653788374e-01
-9.311866138289648376e-02
-1.822446653723643450e+00
-3.340974954455528056e+00
-3.509396599564730490e+00
-7.530605815150181570e+00
-8.613818799703961915e+00
