2.379037469697493634e+00
2.379037469697493634e+00
2.379037469697493634e+00
2.379037469697493634e+00
2.379037469697493634e+00
2.359507976943007179e+00
2.334371464872901925e+00
2.310801424143846816e+00
2.286517922564286209e+00
2.262134019812407359e+00
2.236862751792187964e+00
2.212871665298052903e+00
2.188883774597201182e+00
2.164332359014053964e+00
2.139876550913299980e+00
2.138494902950469623e+00
2.139223543819070983e+00
2.139902117259566694e+00
2.140633953921451393e+00
2.141344485294780497e+00
2.142077919853306867e+00
2.142820142843362419e+00
2.143508037347601203e+00
2.144256918240330378e+00
2.144947209589531667e+00
2.147509170538342005e+00
2.150670342727778461e+00
2.153639501004107615e+00
2.156862192214248353e+00
2.159752787239028748e+00
2.162918753118390214e+00
2.165980323083829262e+00
2.169146022647083782e+00
2.172153264126706063e+00
2.175248656237727118e+00
2.176488890347769711e+00
2.177679589661920545e+00
2.178921954300818697e+00
2.180190950550411344e+00
2.181442103620838679e+00
2.182666358764464576e+00
2.183919642363747471e+00
2.185234977615948537e+00
2.186479739099809194e+00
2.187688281593125339e+00
2.188847289290549725e+00
2.190252905703005126e+00
2.191544272505581148e+00
2.192904348863748965e+00
2.194257234687029268e+00
2.195553128863423353e+00
2.196840500924395201e+00
2.198196582540958843e+00
2.199572904181650301e+00
2.200820861458794298e+00
2.202184399926352398e+00
2.203603332144155047e+00
2.205117605528243985e+00
2.206595127289574521e+00
2.207981835258436831e+00
2.209495842326418824e+00
2.210935547200563178e+00
2.212384040506236715e+00
