4.134142730895996094e+06
4.134142794769287109e+06
4.134142874481201172e+06
4.134142963378906250e+06
4.134143155090332031e+06
4.134143254882812500e+06
4.134143357238769531e+06
4.134143557922363281e+06
4.134143665344238281e+06
4.134143790771484375e+06
4.134144043670654297e+06
4.134144205047607422e+06
4.134144356872558594e+06
4.134144500244140625e+06
4.134144847900390625e+06
4.134145028137207031e+06
4.134145238891601562e+06
4.134145383148193359e+06
4.134145579864501953e+06
4.134145923950195312e+06
4.134146400115966797e+06
4.134146625915527344e+06
4.134146931335449219e+06
4.134147451171875000e+06
4.134147768615722656e+06
4.134148053497314453e+06
4.134148521667480469e+06
4.134148849395751953e+06
4.134149072998046875e+06
4.134149384155273438e+06
4.134150042327880859e+06
4.134150378448486328e+06
4.134150716247558594e+06
4.134151054016113281e+06
4.134151722900390625e+06
4.134152053680419922e+06
4.134152374816894531e+06
4.134152677124023438e+06
4.134153164886474609e+06
4.134153449615478516e+06
4.134153684722900391e+06
4.134154094360351562e+06
4.134154290405273438e+06
4.134154470886230469e+06
4.134154634002685547e+06
4.134154919555664062e+06
4.134155053253173828e+06
4.134155141967773438e+06
4.134155196075439453e+06
4.134155338867187500e+06
