5.926228194046020508e+05
5.926225789337158203e+05
5.926224209823608398e+05
5.926222724380493164e+05
5.926221224212646484e+05
5.926219706878662109e+05
5.926216548156738281e+05
5.926239401473999023e+05
5.926239025955200195e+05
5.926238620529174805e+05
5.926238102493286133e+05
5.926237445602416992e+05
5.926236122207641602e+05
5.926235284881591797e+05
5.926234524612426758e+05
5.926233685684204102e+05
5.926231794815063477e+05
5.926230548706054688e+05
5.926229179992675781e+05
5.926227792663574219e+05
5.926224953155517578e+05
5.926223443603515625e+05
5.926221914749145508e+05
5.926220363159179688e+05
5.926217203292846680e+05
5.926215580673217773e+05
5.926213903274536133e+05
5.926212799835205078e+05
5.926208140029907227e+05
5.926206054992675781e+05
5.926203654937744141e+05
5.926201482315063477e+05
5.926197194671630859e+05
5.926194386444091797e+05
5.926191781387329102e+05
5.926187440338134766e+05
5.926184415206909180e+05
5.926181714630126953e+05
5.926178930969238281e+05
5.926173398742675781e+05
5.926170409698486328e+05
5.926167028884887695e+05
5.926160989151000977e+05
5.926160989151000977e+05
5.926154818115234375e+05
5.926151688995361328e+05
5.926148925704956055e+05
5.926141025390625000e+05
5.926137106170654297e+05
5.926133550567626953e+05
5.926129875640869141e+05
5.926126059494018555e+05
5.926122678985595703e+05
5.926114286880493164e+05
5.926106119384765625e+05
5.926106119384765625e+05
5.926102460174560547e+05
5.926098217086791992e+05
5.926091809921264648e+05
5.926083174743652344e+05
5.926078876800537109e+05
5.926074553833007812e+05
5.926065754852294922e+05
5.926061259460449219e+05
5.926056655426025391e+05
5.926051948013305664e+05
5.926043168792724609e+05
5.926038486251831055e+05
5.926033880767822266e+05
5.926026116638183594e+05
5.926023129348754883e+05
5.926020038909912109e+05
5.926013874130249023e+05
5.926010650177001953e+05
5.926008309707641602e+05
5.926005775604248047e+05
5.926001194839477539e+05
