-8.143639420302168919e-01
-7.652926718881842838e-01
-7.354879392005068128e-01
-6.131496750545876173e-01
-5.668462699603357136e-01
-4.917383324650448917e-01
-4.159155507612932179e-01
-3.234840868877802977e-01
-2.245208916552586531e-01
-8.452900205638787245e-02
-5.524390798833489491e-02
-7.820223237037380454e-03
1.036790694529765855e-01
1.253507030994039650e-01
2.038117764130439602e-01
2.763001934856023634e-01
3.449537403000926261e-01
4.344586733649310473e-01
4.404327543173876536e-01
4.550102712198816901e-01
5.135920717395822122e-01
5.088438890089602706e-01
5.449518457020198214e-01
5.459272330925223349e-01
5.489669983583326252e-01
5.868487621666449439e-01
6.255988827108354133e-01
1.703474220942839124e-01
-4.833644543088933432e+00
-5.669227838789824503e+00
-4.689908089621198428e+00
-2.995594445152563789e+00
-4.006668310028912439e-01
1.115856083186535175e+00
1.638111559275932105e+00
1.323784156842044535e+00
7.325979451136844789e-01
-2.156767190987166072e-01
-6.774495154480135728e-01
-8.059110713296142592e-01
-5.996731729946791489e-01
-2.036974163649381275e-01
2.639027973567252272e-01
6.046404136499916593e-01
7.823442560550257774e-01
7.873137225649382565e-01
6.366241457390112712e-01
5.188927677659124216e-01
3.813070208762266433e-01
3.550399753109928502e-01
