4.134144746337890625e+06
4.134144973571777344e+06
4.134145200347900391e+06
4.134145432495117188e+06
4.134145665374755859e+06
4.134145901458740234e+06
4.134146127258300781e+06
4.134146412902832031e+06
4.134146724487304688e+06
4.134147025878906250e+06
4.134147335906982422e+06
4.134147649108886719e+06
4.134147973388671875e+06
4.134148274841308594e+06
4.134148590393066406e+06
4.134148901916503906e+06
4.134149224792480469e+06
4.134149619323730469e+06
4.134150080017089844e+06
4.134150550720214844e+06
4.134151014282226562e+06
4.134151464660644531e+06
4.134151934478759766e+06
4.134152402832031250e+06
4.134152832672119141e+06
4.134153301300048828e+06
4.134153767517089844e+06
4.134154263000488281e+06
4.134154809875488281e+06
4.134155350646972656e+06
4.134155886657714844e+06
4.134156421752929688e+06
4.134156972961425781e+06
4.134157512664794922e+06
4.134158060180664062e+06
4.134158606872558594e+06
4.134159155212402344e+06
4.134159608245849609e+06
4.134160094421386719e+06
4.134160599548339844e+06
4.134161099792480469e+06
4.134161580352783203e+06
4.134162060577392578e+06
4.134162582946777344e+06
4.134163068481445312e+06
4.134163555053710938e+06
4.134164059844970703e+06
4.134164466369628906e+06
4.134164950378417969e+06
4.134165411071777344e+06
4.134165960144042969e+06
4.134166432861328125e+06
4.134166897460937500e+06
4.134167385131835938e+06
4.134167855957031250e+06
4.134168326171875000e+06
4.134168790222167969e+06
