4.134151332183837891e+06
4.134151694335937500e+06
4.134152071289062500e+06
4.134152455688476562e+06
4.134153242218017578e+06
4.134153593109130859e+06
4.134153999267578125e+06
4.134154462860107422e+06
4.134154830871582031e+06
4.134155649444580078e+06
4.134156097473144531e+06
4.134157019897460938e+06
4.134157019897460938e+06
4.134157991119384766e+06
4.134158481689453125e+06
4.134158972290039062e+06
4.134159459930419922e+06
4.134160426330566406e+06
4.134160907745361328e+06
4.134161088470458984e+06
4.134162243408203125e+06
4.134162680145263672e+06
4.134163251739501953e+06
4.134164284088134766e+06
4.134164808624267578e+06
4.134165339050292969e+06
4.134165872863769531e+06
4.134166408264160156e+06
4.134167490478515625e+06
4.134167558593750000e+06
4.134169073608398438e+06
4.134169073608398438e+06
4.134170198883056641e+06
4.134170773956298828e+06
4.134171945617675781e+06
4.134172462768554688e+06
4.134173126983642578e+06
4.134173716857910156e+06
4.134174751037597656e+06
4.134175345062255859e+06
4.134176524475097656e+06
4.134177112609863281e+06
4.134177632568359375e+06
