2.365123579038002077e+00
2.362324500874575683e+00
2.360709775165366509e+00
2.358826906985478367e+00
2.357212980008809744e+00
2.354189784433374122e+00
2.352298650371226429e+00
2.350785782552287984e+00
2.347807089485590026e+00
2.345910323885464166e+00
2.344246139028144604e+00
2.342628351492258787e+00
2.339627192871272854e+00
2.337753491466404654e+00
2.336044949712626106e+00
2.332682636763193429e+00
2.331173763726880566e+00
2.329493369595075691e+00
2.328879784913605810e+00
2.325021216263135848e+00
2.323182614456675843e+00
2.320042355656685373e+00
2.320042355656685373e+00
2.317491087408200201e+00
2.316082907002396496e+00
2.312808264519356172e+00
2.312808264519356172e+00
2.311504037554394486e+00
2.309506673013993705e+00
2.309506673013993705e+00
2.306813286679622266e+00
2.306813286679622266e+00
2.304312313483523944e+00
2.304312313483523944e+00
2.302837797859025315e+00
2.302837797859025315e+00
2.302421932356816470e+00
2.302036619215707347e+00
2.302075944292610643e+00
2.302538537816526620e+00
2.302794905158568994e+00
2.303132520600757793e+00
2.303532471930371806e+00
2.304474595838804873e+00
2.305188836878376613e+00
2.306691746086951156e+00
2.306691746086951156e+00
2.307223501186724590e+00
2.309034349054922330e+00
2.310506588779637660e+00
2.314677673924188994e+00
2.314981457390918429e+00
2.305449765557940900e+00
2.294791515207777799e+00
2.283723042891210753e+00
2.269667371673745215e+00
2.263780171527733032e+00
