-3.044589289757815731e+00
-2.931703528311512486e+00
-2.854452398156490212e+00
-2.773910605587607048e+00
-2.651334152644868158e+00
-2.555366672647448212e+00
-2.468270028403599436e+00
-2.361629999889067744e+00
-2.245699714398747826e+00
-2.140467441069036081e+00
-2.077931286665100963e+00
-2.032166896873017770e+00
-1.949083129415329907e+00
-1.899957997811771104e+00
-1.827723924930239052e+00
-1.763343022353405232e+00
-1.654834954100609767e+00
-1.560730243117323113e+00
-1.500395531661330661e+00
-1.359419351875964743e+00
-1.296684877418260440e+00
-1.244553673818043160e+00
-1.137678259217600685e+00
-1.058946754111813382e+00
-1.013803616653865536e+00
-9.123023861140036050e-01
-8.355709458773528109e-01
-6.951977822375249305e-01
-6.446592350262334570e-01
-6.124358916964505184e-01
-5.328668205521698287e-01
-4.240937003162806307e-01
-2.939899985535655569e-01
-1.993868023986747340e-01
-1.337009238694535918e-01
-4.255199213067591135e-02
1.755048628180196080e-02
8.901319297362653149e-02
1.506281353014522761e-01
2.071648905037125898e-01
2.482910766582704931e-01
3.018116997328569306e-01
3.778827911460738154e-01
4.097807276733407278e-01
4.174509070867470362e-01
4.347640884260177696e-01
9.154592417890424771e-01
