2.379037469697493634e+00
2.379037469697493634e+00
2.379037469697493634e+00
2.379037469697493634e+00
2.379037469697493634e+00
2.379037469697493634e+00
2.379037469697493634e+00
2.379037469697493634e+00
2.379037469697493634e+00
2.379037469697493634e+00
2.379037469697493634e+00
2.379037469697493634e+00
2.379037469697493634e+00
2.379037469697493634e+00
2.379037469697493634e+00
2.379037469697493634e+00
2.379037469697493634e+00
2.379037469697493634e+00
2.379037469697493634e+00
2.379037469697493634e+00
2.379037469697493634e+00
2.379037469697493634e+00
2.379037469697493634e+00
2.379037469697493634e+00
2.379037469697493634e+00
2.379037469697493634e+00
2.379037469697493634e+00
2.379037469697493634e+00
2.346699237463383270e+00
2.308270089547335147e+00
2.271019390404518390e+00
2.230594469583024875e+00
2.193266006136980195e+00
2.153470922908411467e+00
2.114667068229891811e+00
2.076049368510126669e+00
2.036137638826716056e+00
1.998470154976530466e+00
2.003956799411810152e+00
2.021764292218790615e+00
2.030877096766232626e+00
2.040140103597991583e+00
2.049522952677875764e+00
2.058562253979800971e+00
2.067546694163695520e+00
2.076747915658643251e+00
2.085609317801129237e+00
2.091298895109900968e+00
2.098063856858516374e+00
2.104143320947855500e+00
2.110262732453236367e+00
2.116331810214404641e+00
2.122218727758422574e+00
2.128632684878084547e+00
2.134736117417048717e+00
2.140607854942970789e+00
2.146799171797226791e+00
