-2.716408493249296896e+00
-2.109067035197772277e+00
-2.006221649604967627e+00
-1.933280442879702132e+00
-1.903766865563277566e+00
-1.818058138909224075e+00
-1.773259384494761060e+00
-1.658447443757062434e+00
-1.546572699467502865e+00
-1.531338944502063759e+00
-1.467593050782382447e+00
-1.385645012249770103e+00
-1.308408379548354095e+00
-1.228880154147265591e+00
-1.085606819581035110e+00
-1.022905946613829942e+00
-8.615993247781492670e-01
-7.302681781446593856e-01
-6.035340366418973090e-01
-5.921252343721945532e-01
-5.213857598604715315e-01
-4.753039597444829734e-01
-4.686136529054593103e-01
-5.346162685136519599e-01
-4.575125233052359519e-01
-3.559443717213366942e-01
-1.936737156330419762e-01
3.629194372144480679e-02
1.282140813712183327e-03
7.908893347390250073e-02
4.114468151092268849e-02
1.239620976566070398e-01
6.695258426406681951e-02
1.173652139872236599e-01
1.613945503304078655e-01
2.167353187120150682e-01
2.465395635911848682e-01
4.282681595371946037e-01
5.165098175367009992e-01
5.652263187536546996e-01
5.353661138021796884e-01
3.060999267966972304e-01
3.801568638240229170e-01
4.137811765834820688e-01
6.457300953764242291e-01
7.824037605837916853e-01
9.010905373889478431e-01
7.148993615235100796e-01
2.107969069594879119e-01
1.583422926293497790e+00
5.016768991929239085e+00
7.876533938398417867e+00
1.112628918299159508e+01
1.612141338463285223e+01
1.997101396218382163e+01
