2.379037469697493634e+00
2.379037469697493634e+00
2.379037469697493634e+00
2.379037469697493634e+00
2.379037469697493634e+00
2.379037469697493634e+00
2.379037469697493634e+00
2.379037469697493634e+00
2.379037469697493634e+00
2.379037469697493634e+00
2.379037469697493634e+00
2.379037469697493634e+00
2.379037469697493634e+00
2.379037469697493634e+00
2.379037469697493634e+00
2.379037469697493634e+00
2.379037469697493634e+00
2.379037469697493634e+00
2.379037469697493634e+00
2.379037469697493634e+00
2.379037469697493634e+00
2.379037469697493634e+00
2.379037469697493634e+00
2.379037469697493634e+00
2.379037469697493634e+00
2.379037469697493634e+00
2.379037469697493634e+00
2.379037469697493634e+00
2.379037469697493634e+00
2.379037469697493634e+00
2.379037469697493634e+00
2.379037469697493634e+00
2.379037469697493634e+00
2.379037469697493634e+00
2.379037469697493634e+00
2.379037469697493634e+00
2.379037469697493634e+00
2.379037469697493634e+00
2.379037469697493634e+00
2.379037469697493634e+00
2.379037469697493634e+00
2.379037469697493634e+00
2.379037469697493634e+00
2.379037469697493634e+00
2.379037469697493634e+00
2.379037469697493634e+00
2.379037469697493634e+00
2.353076442960286840e+00
2.323968358787311672e+00
2.293196597894251454e+00
2.262164912480812973e+00
2.230287673427824302e+00
2.199588350515853108e+00
2.169569465257126240e+00
2.138262675305213634e+00
2.108434206062952398e+00
2.077451522813191787e+00
2.079529321079576221e+00
2.084856974799009777e+00
2.090291687593435199e+00
2.095655293987306322e+00
2.100988806661092667e+00
2.106377713085123560e+00
2.111719481558225198e+00
2.117194141768692361e+00
2.122697830434816524e+00
2.127994325169737522e+00
2.131993594147729709e+00
2.136928964241633366e+00
2.141447549628168190e+00
2.146436715575674725e+00
2.150984595733973492e+00
2.155576684366025120e+00
2.159883282131431770e+00
2.164282824218162204e+00
2.168776642206751148e+00
2.173471262539976578e+00
