0.000000000000000000e+00
0.000000000000000000e+00
0.000000000000000000e+00
0.000000000000000000e+00
0.000000000000000000e+00
0.000000000000000000e+00
0.000000000000000000e+00
0.000000000000000000e+00
0.000000000000000000e+00
0.000000000000000000e+00
0.000000000000000000e+00
0.000000000000000000e+00
0.000000000000000000e+00
0.000000000000000000e+00
0.000000000000000000e+00
0.000000000000000000e+00
0.000000000000000000e+00
3.190052394806142555e+00
5.032179571944181973e+00
1.460325780452530786e+01
2.192292527327456497e+01
2.888559240541343343e+01
2.223920595368702990e+01
4.083757411060033604e+01
2.498125754702864043e+01
2.688414658704439120e+01
3.797286331156731620e+01
5.985059115366818361e+01
3.839795155138765637e+01
5.003392116552554114e+01
6.296026644990920573e+01
6.461647927958775028e+01
6.167828254086245465e+01
5.791006604167397143e+01
4.306491261395817816e+01
5.381439821687325775e+01
