2.379037469697493634e+00
2.379037469697493634e+00
2.379037469697493634e+00
2.379037469697493634e+00
2.379037469697493634e+00
2.379037469697493634e+00
2.379037469697493634e+00
2.379037469697493634e+00
2.379037469697493634e+00
2.379037469697493634e+00
2.379037469697493634e+00
2.379037469697493634e+00
2.379037469697493634e+00
2.379037469697493634e+00
2.379037469697493634e+00
2.379037469697493634e+00
2.379037469697493634e+00
2.379037469697493634e+00
2.379037469697493634e+00
2.379037469697493634e+00
2.379037469697493634e+00
2.379037469697493634e+00
2.379037469697493634e+00
2.379037469697493634e+00
2.379037469697493634e+00
2.379037469697493634e+00
2.379037469697493634e+00
2.379037469697493634e+00
2.379037469697493634e+00
2.379037469697493634e+00
2.379037469697493634e+00
2.379037469697493634e+00
2.379037469697493634e+00
2.379037469697493634e+00
2.379037469697493634e+00
2.379037469697493634e+00
2.379037469697493634e+00
2.379037469697493634e+00
2.379037469697493634e+00
2.379037469697493634e+00
2.379037469697493634e+00
2.379037469697493634e+00
2.379037469697493634e+00
2.379037469697493634e+00
2.379037469697493634e+00
2.379037469697493634e+00
2.379037469697493634e+00
2.379037469697493634e+00
2.379037469697493634e+00
2.379037469697493634e+00
2.379037469697493634e+00
2.379037469697493634e+00
2.379037469697493634e+00
2.379037469697493634e+00
2.347833477762861776e+00
2.313496543146129625e+00
2.274003728698943405e+00
2.240724601658996562e+00
2.204451282628667741e+00
2.166248237087415873e+00
2.130745104238371823e+00
2.093240339529529592e+00
2.056370206103537157e+00
2.020071320726941622e+00
2.028762546877089790e+00
2.040551295667114573e+00
2.052315277059193477e+00
2.064478732611689793e+00
2.076501306943612235e+00
2.089609918359656149e+00
2.101254323819716774e+00
2.113288083428130903e+00
2.125376704154575691e+00
2.137136424488943476e+00
