3.874408252571409861e+01
4.992946827637768337e+01
3.169456467066810745e+01
4.235361646477646502e+01
3.342935480828354855e+01
3.612044624266577841e+01
4.324558055824962111e+01
3.874732936524210913e+01
4.111032240177311792e+01
3.349312465387684767e+01
2.366221852643333179e+01
2.371471138577895843e+01
3.925905865001094242e+01
3.945562779824467725e+01
1.944894761632172120e+01
1.720833482397604897e+01
1.718830729491186915e+01
2.746436792267233784e+01
3.930739951371087670e+01
5.195616331261830112e+01
3.561152628099704742e+01
1.569999999999999929e+01
1.569999999999999929e+01
2.673647033559001329e+01
3.602902504412153917e+01
5.202576761496347757e+01
4.281501212514094590e+01
5.325613080479226369e+01
3.299974406517149816e+01
2.818122407398714913e+01
3.503281876664585326e+01
4.908310089774604279e+01
4.704265758777902562e+01
3.921029550048736212e+01
3.713605831687134184e+01
4.385474568980745147e+01
3.859667469419931507e+01
3.061898292982154146e+01
3.723061852232086721e+01
3.812296543788491476e+01
3.426098448943974262e+01
2.765092816251927132e+01
2.414080463873608196e+01
1.769191516682799659e+01
1.745923576804391431e+01
3.415989590553152766e+01
5.149125352382048249e+01
4.639917249810166311e+01
2.979310409707334628e+01
0.000000000000000000e+00
1.256000000000000050e+01
1.678035274487295681e+01
1.569999999999999929e+01
1.575522376584190454e+01
2.429655748687711281e+01
2.961414576097919493e+01
3.220197542992750783e+01
2.570123486738810215e+01
3.190432199447677064e+01
2.920028616158406720e+01
1.569999999999999929e+01
1.569999999999999929e+01
1.590901532905248672e+01
1.570000000000000107e+01
1.569999999999999929e+01
1.569999999999999751e+01
1.570000000000000107e+01
1.618606339081332024e+01
1.624732250054409022e+01
1.603052057752913129e+01
1.874300142474708508e+01
1.569999999999999929e+01
1.569999999999999929e+01
1.969248468058496826e+01
1.829659743804518612e+01
1.570000000000000107e+01
1.569999999999999929e+01
