2.379037469697493634e+00
2.379037469697493634e+00
2.379037469697493634e+00
2.379037469697493634e+00
2.379037469697493634e+00
2.379037469697493634e+00
2.379037469697493634e+00
2.379037469697493634e+00
2.379037469697493634e+00
2.379037469697493634e+00
2.379037469697493634e+00
2.379037469697493634e+00
2.379037469697493634e+00
2.379037469697493634e+00
2.379037469697493634e+00
2.379037469697493634e+00
2.379037469697493634e+00
2.379037469697493634e+00
2.379037469697493634e+00
2.379037469697493634e+00
2.379037469697493634e+00
2.379037469697493634e+00
2.379037469697493634e+00
2.379037469697493634e+00
2.379037469697493634e+00
2.379037469697493634e+00
2.379037469697493634e+00
2.379037469697493634e+00
2.379037469697493634e+00
2.379037469697493634e+00
2.379037469697493634e+00
2.379037469697493634e+00
2.379037469697493634e+00
2.379037469697493634e+00
2.379037469697493634e+00
2.379037469697493634e+00
2.379037469697493634e+00
2.379037469697493634e+00
2.379037469697493634e+00
2.379037469697493634e+00
2.379037469697493634e+00
2.379037469697493634e+00
2.379037469697493634e+00
2.379037469697493634e+00
2.379037469697493634e+00
2.379037469697493634e+00
2.379037469697493634e+00
2.379037469697493634e+00
2.360653136202870428e+00
2.338724135324810049e+00
2.317815657768562687e+00
2.295843513681177228e+00
2.274298274313224510e+00
2.252143171060367877e+00
2.229953713029715345e+00
2.209341112668283813e+00
2.186819558452270940e+00
2.165891639820216596e+00
2.163610908680340117e+00
2.163260969315814464e+00
2.162917155221748544e+00
2.162581596926997918e+00
2.162222869130943081e+00
2.161880120301304942e+00
2.161540833581057086e+00
2.161207405815162019e+00
2.160861461192240540e+00
2.160518179730388511e+00
2.163160301827389276e+00
2.166713225010141741e+00
2.169784116039323862e+00
2.173136236877439842e+00
2.176210057383798357e+00
2.179509713948846183e+00
2.182614427123610312e+00
2.185909822630947019e+00
2.189006280006395855e+00
2.192165854299190642e+00
