1.886511801054252757e+01
2.048570497467943952e+01
1.744746324123493864e+01
2.175605079871906256e+01
1.507035631874974158e+01
3.222222222222222321e+00
5.576923076923076650e+00
9.062500000000000000e+00
0.000000000000000000e+00
0.000000000000000000e+00
0.000000000000000000e+00
0.000000000000000000e+00
6.590909090909090828e+00
1.449999999999999956e+00
0.000000000000000000e+00
0.000000000000000000e+00
0.000000000000000000e+00
0.000000000000000000e+00
0.000000000000000000e+00
0.000000000000000000e+00
0.000000000000000000e+00
0.000000000000000000e+00
0.000000000000000000e+00
0.000000000000000000e+00
0.000000000000000000e+00
0.000000000000000000e+00
0.000000000000000000e+00
0.000000000000000000e+00
0.000000000000000000e+00
0.000000000000000000e+00
0.000000000000000000e+00
0.000000000000000000e+00
0.000000000000000000e+00
0.000000000000000000e+00
0.000000000000000000e+00
0.000000000000000000e+00
0.000000000000000000e+00
0.000000000000000000e+00
0.000000000000000000e+00
0.000000000000000000e+00
0.000000000000000000e+00
0.000000000000000000e+00
0.000000000000000000e+00
0.000000000000000000e+00
0.000000000000000000e+00
0.000000000000000000e+00
0.000000000000000000e+00
0.000000000000000000e+00
0.000000000000000000e+00
0.000000000000000000e+00
0.000000000000000000e+00
2.706345030062174306e+00
0.000000000000000000e+00
7.250000000000000000e+00
1.380952380952380931e+00
0.000000000000000000e+00
0.000000000000000000e+00
1.918916064084471174e+01
2.557655527520822858e+01
5.437500000000000000e+00
1.450000000000000000e+01
0.000000000000000000e+00
0.000000000000000000e+00
0.000000000000000000e+00
0.000000000000000000e+00
3.780826923789510019e+00
1.161245727394294391e+01
1.450000000000000000e+01
1.403084848094475845e+01
0.000000000000000000e+00
0.000000000000000000e+00
1.175995291282378474e+01
2.394837069750362701e+01
2.776880031546984640e+01
