1.695365756942402363e+09
1.695365757026992083e+09
1.695365757101270199e+09
1.695365757277206898e+09
1.695365757340660810e+09
1.695365757434630156e+09
1.695365757508567095e+09
1.695365757739447355e+09
1.695365757810878277e+09
1.695365757959205866e+09
1.695365758051483870e+09
1.695365758120719433e+09
1.695365758202706099e+09
1.695365758278218031e+09
1.695365758438620567e+09
1.695365758534866333e+09
1.695365758680492878e+09
1.695365758839800835e+09
1.695365759029472113e+09
1.695365759029472113e+09
1.695365759167127848e+09
1.695365759246084929e+09
1.695365759321798325e+09
1.695365759403465748e+09
1.695365759558853865e+09
1.695365759642751932e+09
1.695365759731547832e+09
1.695365759914687157e+09
1.695365760039581299e+09
1.695365760128706217e+09
1.695365760201662540e+09
1.695365760287142038e+09
1.695365760450572968e+09
1.695365760523701668e+09
1.695365760685358047e+09
1.695365760760416508e+09
1.695365760845941305e+09
1.695365761022660255e+09
1.695365761080909967e+09
1.695365761242288113e+09
1.695365761320390701e+09
1.695365761399303675e+09
1.695365761480312586e+09
1.695365761638777494e+09
1.695365761723162651e+09
1.695365761824429274e+09
1.695365761959739208e+09
1.695365762118506432e+09
1.695365762210496664e+09
1.695365762285727739e+09
1.695365762455220699e+09
1.695365762524125099e+09
1.695365762603464127e+09
1.695365762758544445e+09
1.695365762838826895e+09
1.695365762936900139e+09
1.695365763078042507e+09
