1.992753677571674942e+01
2.870556971255197354e+01
4.111611355988803496e+01
2.906703250515462855e+01
3.689267086036165466e+01
4.687649629229402137e+01
3.620772664893648596e+01
5.501496037244715609e+01
3.464114174307445637e+01
1.956810625517091395e+01
2.089499582899245667e+01
2.254999257286413439e+01
2.126745745387201225e+01
1.935630801122997013e+01
3.902630361982593854e+01
3.613688524185653250e+01
1.868801295760851389e+01
1.786039266943061676e+01
4.285351804160960398e+01
3.478802293315477812e+01
3.711857261866867930e+01
2.263094842020516140e+01
2.170383936549994175e+01
1.611355959132982818e+01
2.689036839217095576e+01
3.629368656884890498e+01
4.335248686366059445e+01
3.862971879897224170e+01
4.477715356921509482e+01
4.110999354126970218e+01
3.715868205071384267e+01
4.910377342292709102e+01
4.647266842019260480e+01
4.876489618938963133e+01
4.357351642230847943e+01
3.684039493067331961e+01
4.173355031432331685e+01
2.263019092962811385e+01
3.352618015654300621e+01
3.345135244641356564e+01
3.080595862330289947e+01
2.867069246478815359e+01
1.660064776007543230e+01
1.569999999999999929e+01
2.732028131085671063e+01
4.649657685526614870e+01
5.362961020054903827e+01
5.499545299376975294e+01
4.340167476296917215e+01
2.370995543769168279e+01
1.413000000000000078e+01
1.649809647872542939e+01
1.645363739663660141e+01
1.569999999999999929e+01
1.963001995641675634e+01
2.940580125164894909e+01
3.145891813917971547e+01
3.087155363310297673e+01
2.784931299740577870e+01
1.570000000000000107e+01
1.589193628685355364e+01
1.818939519737209665e+01
1.665513505867954436e+01
1.799413343341641180e+01
1.731428098877030308e+01
1.569999999999999929e+01
1.735697959686705971e+01
1.664371193375079727e+01
1.694170693177071385e+01
1.570000000000000107e+01
1.601829610383493829e+01
1.652406938688510252e+01
1.615496279443475558e+01
1.569999999999999929e+01
1.570000000000000107e+01
1.569999999999999840e+00
0.000000000000000000e+00
1.744444444444444464e+00
1.511655627791142997e+01
1.650365381288801458e+01
1.584538777140745580e+01
1.719032844347403000e+01
1.569999999999999929e+01
1.569999999999999929e+01
1.569999999999999929e+01
1.569999999999999929e+01
1.570000000000000107e+01
1.569999999999999929e+01
1.569999999999999396e+01
1.683103943320710272e+01
1.413000000000000078e+01
0.000000000000000000e+00
2.854545454545454497e+00
6.279999999999999361e+00
1.099000000000000021e+01
1.569999999999999929e+01
1.099000000000000021e+01
8.453846153846154010e+00
