1.695364899914313316e+09
1.695364900073599577e+09
1.695364900171325207e+09
1.695364900239378691e+09
1.695364900315664530e+09
1.695364900407594204e+09
1.695364900554545641e+09
1.695364900786432505e+09
1.695364900888092518e+09
1.695364900972107172e+09
1.695364901050312757e+09
1.695364901128691912e+09
1.695364901292906284e+09
1.695364901368323326e+09
1.695364901448253632e+09
1.695364901532607794e+09
1.695364901700261354e+09
1.695364901848332882e+09
1.695364901930171967e+09
1.695364902017461300e+09
1.695364902167321205e+09
1.695364902251028538e+09
1.695364902334063768e+09
1.695364902411715746e+09
1.695364902567577124e+09
1.695364902652316570e+09
1.695364902726462126e+09
1.695364902886506796e+09
1.695364903046635866e+09
1.695364903129482031e+09
1.695364903209627628e+09
1.695364903309362888e+09
1.695364903453271151e+09
1.695364903529106140e+09
1.695364903618381023e+09
1.695364903771427870e+09
1.695364903851442575e+09
1.695364904005797625e+09
1.695364904089947939e+09
1.695364904245718956e+09
1.695364904325695753e+09
1.695364904405606508e+09
1.695364904578088999e+09
1.695364904578088999e+09
1.695364904729605198e+09
1.695364904805958033e+09
1.695364904888937712e+09
1.695364905183911085e+09
1.695364905274586439e+09
1.695364905345912695e+09
1.695364905424077034e+09
1.695364905499989986e+09
1.695364905581436634e+09
1.695364905739878178e+09
1.695364905947486639e+09
1.695364905947486639e+09
1.695364905984238625e+09
1.695364906183154583e+09
1.695364906260353565e+09
1.695364906422295809e+09
1.695364906512036085e+09
1.695364906587361097e+09
1.695364906739188194e+09
1.695364906819760084e+09
1.695364906911814213e+09
1.695364906981824398e+09
1.695364907139823914e+09
1.695364907305488586e+09
1.695364907379834414e+09
1.695364907539721727e+09
1.695364907621894836e+09
1.695364907708750486e+09
1.695364907864000559e+09
1.695364907945176840e+09
1.695364908021883488e+09
1.695364908099298000e+09
1.695364908258711576e+09
