4.134141002624511719e+06
4.134141246704101562e+06
4.134141392089843750e+06
4.134141568176269531e+06
4.134141727813720703e+06
4.134142039611816406e+06
4.134142241210937500e+06
4.134142406555175781e+06
4.134142749023437500e+06
4.134142977966308594e+06
4.134143185791015625e+06
4.134143398406982422e+06
4.134143812500000000e+06
4.134144076354980469e+06
4.134144320220947266e+06
4.134144833282470703e+06
4.134145073120117188e+06
4.134145352355957031e+06
4.134145458435058594e+06
4.134146146575927734e+06
4.134146496215820312e+06
4.134147144897460938e+06
4.134147144897460938e+06
4.134147759521484375e+06
4.134148132812500000e+06
4.134149072082519531e+06
4.134149072082519531e+06
4.134149476257324219e+06
4.134150194061279297e+06
4.134150194061279297e+06
4.134151355438232422e+06
4.134151355438232422e+06
4.134152634765625000e+06
4.134152634765625000e+06
4.134153717620849609e+06
4.134153717620849609e+06
4.134154150085449219e+06
4.134155090759277344e+06
4.134155541442871094e+06
4.134157104583740234e+06
4.134157639953613281e+06
4.134158180175781250e+06
4.134158722534179688e+06
4.134159742828369141e+06
4.134160356811523438e+06
4.134161465698242188e+06
4.134161465698242188e+06
4.134161819335937500e+06
4.134163129730224609e+06
4.134163656250000000e+06
4.134164133758544922e+06
4.134164910552978516e+06
4.134165260131835938e+06
4.134165613830566406e+06
4.134165971496582031e+06
4.134166655548095703e+06
4.134167071990966797e+06
