4.134152502319335938e+06
4.134152880493164062e+06
4.134153217224121094e+06
4.134154003967285156e+06
4.134154409729003906e+06
4.134154827148437500e+06
4.134155258148193359e+06
4.134156155090332031e+06
4.134156616455078125e+06
4.134157145812988281e+06
4.134157386901855469e+06
4.134158555847167969e+06
4.134159124542236328e+06
4.134159638427734375e+06
4.134160159851074219e+06
4.134161158874511719e+06
4.134161769683837891e+06
4.134162315521240234e+06
4.134162863708496094e+06
4.134163966796875000e+06
4.134164818542480469e+06
4.134165405120849609e+06
4.134166003570556641e+06
4.134166609313964844e+06
4.134167213256835938e+06
4.134168420288085938e+06
4.134169024169921875e+06
4.134169628356933594e+06
4.134170232879638672e+06
4.134171451507568359e+06
4.134171451507568359e+06
4.134173025024414062e+06
4.134173673309326172e+06
4.134174328125000000e+06
4.134174986877441406e+06
4.134175647735595703e+06
4.134176971588134766e+06
4.134177633239746094e+06
4.134178294616699219e+06
4.134179537048339844e+06
4.134180118164062500e+06
4.134180783599853516e+06
4.134182035278320312e+06
4.134182788757324219e+06
4.134183459747314453e+06
4.134184131530761719e+06
4.134185391784667969e+06
4.134186147705078125e+06
4.134186818420410156e+06
4.134187487213134766e+06
