2.365211575489814422e+00
2.362531794275295915e+00
2.360752929032118530e+00
2.359077499804152822e+00
2.357441255677194647e+00
2.355905736157832386e+00
2.352891094086354329e+00
2.379039823928167152e+00
2.378735742487049443e+00
2.378255791559969801e+00
2.377665136131024148e+00
2.377078088050089910e+00
2.375335936675252668e+00
2.374230460474645810e+00
2.373241336623342690e+00
2.372145282274592759e+00
2.369667848126238319e+00
2.368087894151146067e+00
2.366455917595308378e+00
2.364880045602058445e+00
2.361765634067665154e+00
2.360172490288621638e+00
2.358615877863059040e+00
2.357076822997061782e+00
2.354047763937805904e+00
2.352541208016379670e+00
2.351026644111616548e+00
2.350043613378459462e+00
2.346051566839414626e+00
2.344367150625457086e+00
2.342482581073885406e+00
2.340854223420130609e+00
2.337682849376747640e+00
2.335684948499117120e+00
2.333902149830791473e+00
2.331080458977601744e+00
2.329181240145580034e+00
2.327531314756480896e+00
2.325903845561352767e+00
2.322859265797981188e+00
2.321331450123874873e+00
2.319710791138001937e+00
2.317011473790303810e+00
2.317011473790303810e+00
2.314475671663734246e+00
2.313283293414601260e+00
2.312280597641584556e+00
2.309730298253485081e+00
2.308548733354747640e+00
2.307564336972586005e+00
2.306679596695796697e+00
2.305884752325014553e+00
2.305235969928588702e+00
2.303935750482063227e+00
2.303039043047210299e+00
2.303039043047210299e+00
2.302743677507853803e+00
2.302457153219059194e+00
2.302204068476828347e+00
2.302150234189673128e+00
2.302144908592738126e+00
2.302327647642028907e+00
2.302926089648766883e+00
2.303375401141964929e+00
2.303929765469193924e+00
2.304437497373608146e+00
2.305197280046717978e+00
2.305927815119968471e+00
2.306417019252902989e+00
2.306999262870715661e+00
2.302206278129291128e+00
2.301200871309129425e+00
2.280551250768327876e+00
2.270641086448944357e+00
2.265614148124461380e+00
2.260952343227177863e+00
2.255423124614047481e+00
