4.134143714050292969e+06
4.134143950866699219e+06
4.134144107116699219e+06
4.134144254516601562e+06
4.134144403869628906e+06
4.134144555480957031e+06
4.134144872436523438e+06
4.134142627868652344e+06
4.134142663848876953e+06
4.134142702636718750e+06
4.134142752349853516e+06
4.134142815246582031e+06
4.134142942413330078e+06
4.134143023193359375e+06
4.134143096679687500e+06
4.134143177886962891e+06
4.134143361602783203e+06
4.134143483184814453e+06
4.134143617065429688e+06
4.134143753234863281e+06
4.134144033142089844e+06
4.134144182647705078e+06
4.134144334564208984e+06
4.134144489166259766e+06
4.134144805511474609e+06
4.134144968688964844e+06
4.134145137908935547e+06
4.134145249511718750e+06
4.134145722869873047e+06
4.134145935791015625e+06
4.134146181762695312e+06
4.134146405273437500e+06
4.134146848266601562e+06
4.134147139892578125e+06
4.134147411437988281e+06
4.134147865905761719e+06
4.134148184020996094e+06
4.134148469055175781e+06
4.134148763916015625e+06
4.134149352600097656e+06
4.134149672180175781e+06
4.134150034729003906e+06
4.134150685211181641e+06
4.134150685211181641e+06
4.134151353363037109e+06
4.134151693481445312e+06
4.134151994506835938e+06
4.134152858306884766e+06
4.134153288391113281e+06
4.134153679443359375e+06
4.134154084411621094e+06
4.134154505645751953e+06
4.134154879394531250e+06
4.134155809204101562e+06
4.134156716278076172e+06
4.134156716278076172e+06
4.134157123229980469e+06
4.134157595458984375e+06
4.134158308929443359e+06
4.134159271179199219e+06
4.134159750061035156e+06
4.134160231842041016e+06
4.134161212097167969e+06
4.134161712463378906e+06
4.134162224548339844e+06
4.134162747619628906e+06
4.134163721740722656e+06
4.134164240631103516e+06
4.134164750366210938e+06
4.134165608337402344e+06
4.134165951202392578e+06
4.134166340454101562e+06
4.134167027435302734e+06
4.134167387451171875e+06
4.134167652160644531e+06
4.134167939514160156e+06
4.134168461456298828e+06
