2.374240530038841612e+00
2.374130019412871384e+00
2.373329633610632428e+00
2.372472704931869458e+00
2.371850156051701575e+00
2.370540220226454053e+00
2.369048110658106943e+00
2.367931153259715593e+00
2.366999890114980687e+00
2.365034349982446216e+00
2.364030334386724164e+00
2.362928673872140450e+00
2.361568611401942519e+00
2.358927921190453247e+00
2.357562207848577174e+00
2.356214369256178109e+00
2.353547362639501372e+00
2.352234041723058944e+00
2.350834174883726035e+00
2.349373221702217407e+00
2.347798502758292827e+00
2.345003441173337144e+00
2.341841205916110447e+00
2.341841205916110447e+00
2.340726496797262079e+00
2.338086075870364766e+00
2.335060643862215457e+00
2.333439578140541926e+00
2.331619502191773385e+00
2.330005082318624687e+00
2.326940138685161585e+00
2.325455684876777340e+00
2.324008672429057398e+00
2.321576405389786935e+00
2.321576405389786935e+00
2.319263630995175518e+00
2.316826184196900229e+00
2.315439401812131592e+00
2.314244184695679607e+00
2.313111400677717810e+00
2.311016897596017472e+00
2.310029207797711592e+00
2.309091239770587833e+00
2.307554229595620399e+00
2.306190988515159468e+00
2.305474767078409926e+00
2.304868936986654404e+00
2.304290667175592944e+00
2.303728771288292343e+00
2.302832513425768113e+00
2.302498210267610368e+00
2.302146801637599438e+00
2.301901443219293242e+00
2.301776586982366979e+00
2.301735443645782198e+00
2.301752704801953264e+00
2.301823559190796509e+00
2.302301432914443780e+00
2.302621458831050738e+00
2.302827308385732685e+00
2.303256494384195996e+00
2.303559229699628119e+00
2.303936574828560069e+00
2.304404643015786291e+00
2.305567945998409307e+00
2.306292363761647479e+00
2.306992083143580174e+00
2.308321493554794657e+00
2.309120213289098444e+00
2.307963336107610175e+00
2.273315607975930241e+00
2.253055540380938027e+00
2.234171873787131446e+00
2.216542608897013267e+00
