2.379037469697493634e+00
2.379037469697493634e+00
2.379037469697493634e+00
2.379037469697493634e+00
2.379037469697493634e+00
2.379037469697493634e+00
2.379037469697493634e+00
2.379037469697493634e+00
2.379037469697493634e+00
2.357403280749821306e+00
2.330214536759598332e+00
2.304855917056300996e+00
2.277547597134059743e+00
2.251304009007384366e+00
2.226156577976894368e+00
2.199917517224037056e+00
2.172953011395861722e+00
2.146960559358035425e+00
2.119957171378246130e+00
2.119238916837815623e+00
2.120513505725654113e+00
2.121767055641043953e+00
2.123104495130121450e+00
2.124390269294451628e+00
2.125660597124578999e+00
2.127009754522362073e+00
2.128276620243099160e+00
2.129549877550402925e+00
2.130835651714733103e+00
2.134389640161913348e+00
2.138274393213919211e+00
2.142195897888683476e+00
2.146330455449003694e+00
2.150329990743102826e+00
2.154424867203488247e+00
2.158306690778317716e+00
2.162516349480796407e+00
2.166253563409554772e+00
2.170385191492698596e+00
2.172055792431564214e+00
2.173642237480635231e+00
2.175361840583178719e+00
2.176994092002644265e+00
