2.379037469697493634e+00
2.379037469697493634e+00
2.379037469697493634e+00
2.379037469697493634e+00
2.379037469697493634e+00
2.379037469697493634e+00
2.379037469697493634e+00
2.379037469697493634e+00
2.379037469697493634e+00
2.379037469697493634e+00
2.379037469697493634e+00
2.379037469697493634e+00
2.379037469697493634e+00
2.379037469697493634e+00
2.379037469697493634e+00
2.379037469697493634e+00
2.379037469697493634e+00
2.379037469697493634e+00
2.379037469697493634e+00
2.379037469697493634e+00
2.379037469697493634e+00
2.379037469697493634e+00
2.379037469697493634e+00
2.379037469697493634e+00
2.379037469697493634e+00
2.379037469697493634e+00
2.379037469697493634e+00
2.379037469697493634e+00
2.295709556679383923e+00
2.201485053829514982e+00
2.103601633986329489e+00
2.003626034806984535e+00
1.902343356174753808e+00
1.810438200300268363e+00
1.739462827270585876e+00
1.739506503112124847e+00
1.739548048424808258e+00
1.739591724266347228e+00
1.739595985324058347e+00
1.739595985324058347e+00
1.739595985324058347e+00
1.739595985324058347e+00
1.739595985324058347e+00
1.739595985324058347e+00
1.739595985324058347e+00
1.739595985324058347e+00
1.739595985324058347e+00
1.739595985324058347e+00
1.739595985324058347e+00
1.739595985324058347e+00
