2.379037469697493634e+00
2.379037469697493634e+00
2.379037469697493634e+00
2.379037469697493634e+00
2.379037469697493634e+00
2.379037469697493634e+00
2.379037469697493634e+00
2.379037469697493634e+00
2.379037469697493634e+00
2.379037469697493634e+00
2.366242312339323917e+00
2.351168288054026334e+00
2.336017298413821663e+00
2.320636477973323508e+00
2.305572573700089833e+00
2.290394686133083724e+00
2.275084705777032923e+00
2.259858348678562834e+00
2.244879132927337650e+00
2.229914298245887494e+00
2.227173905505424045e+00
2.225335259103076169e+00
2.223472644251103247e+00
2.221540787211324641e+00
2.219732500845168488e+00
2.217899180764959510e+00
2.215949214229908648e+00
2.214162233152308090e+00
2.212293759345982380e+00
2.210380544433689920e+00
2.210521159338156849e+00
2.210854587104051916e+00
2.211186416973305313e+00
2.211519844739200380e+00
2.211842087228603759e+00
2.212168058143504368e+00
2.212511605921463342e+00
2.212827190508193098e+00
2.213159553009660385e+00
2.213482328131277654e+00
2.213645579904834904e+00
2.213807500097857428e+00
2.213968355026452173e+00
2.214127612058405248e+00
2.214288999619213882e+00
2.214451452444450297e+00
2.214619231591825610e+00
2.214783282313703694e+00
2.214947865667795668e+00
2.215102861642037624e+00
