2.362977114169827253e+00
2.361230507952607027e+00
2.359664845238280684e+00
2.356393704240690390e+00
2.354964665071475949e+00
2.353095271569678459e+00
2.351376478518007573e+00
2.349687574799695255e+00
2.348373908775555741e+00
2.344069166026407913e+00
2.342035979419352820e+00
2.340492261090421522e+00
2.338783724291377375e+00
2.335432158438333516e+00
2.333780257964559013e+00
2.331927081739891605e+00
2.330308744558132972e+00
2.327366536924118101e+00
2.325683287244430630e+00
2.324134446426833200e+00
2.322580824653412535e+00
2.319854686404346111e+00
2.318269689355805241e+00
2.316905317406851239e+00
2.315603066322911019e+00
2.313359572664673180e+00
2.312097723434156649e+00
2.310997056292992902e+00
2.310444912507604087e+00
2.308099815095232543e+00
2.307219876402543335e+00
2.306427877669288584e+00
2.305687655269173852e+00
2.304328387122935418e+00
2.303722831887259126e+00
2.303196385746426600e+00
2.302777172373816406e+00
2.302272579744285785e+00
2.302209725542351038e+00
2.302106475796728446e+00
2.302201856887636566e+00
2.302395710568685416e+00
2.302696754002514723e+00
2.303590974614309062e+00
2.304241635826079104e+00
2.304816547406940863e+00
2.305557443333043466e+00
2.307261002839634756e+00
2.308096885815906774e+00
2.309113819846992044e+00
2.311165994530403722e+00
2.312422466306659707e+00
2.313559511156476844e+00
2.314540079673279571e+00
2.314590450896021778e+00
2.306525648214683422e+00
2.296338399136533148e+00
2.279996807884622001e+00
2.272177843401198771e+00
2.269067274751945362e+00
2.268807119429595787e+00
2.270225696005217841e+00
2.273089431118023640e+00
2.277116797963138595e+00
2.277846325923248649e+00
2.277716922504966490e+00
2.276759182430541095e+00
2.275547625722542655e+00
2.273700604319527585e+00
2.273343224039612309e+00
2.273473806291559818e+00
2.274900552803829967e+00
2.275672582294104629e+00
2.276506387477493121e+00
2.277310699687138396e+00
2.279696757448495426e+00
2.281041514948238813e+00
2.282459305319305187e+00
2.285557285260205518e+00
2.286879417144772830e+00
2.288401313853260177e+00
2.290066602036759491e+00
2.291514744163764661e+00
2.294141110699943198e+00
2.295745186282725392e+00
2.297075880238429235e+00
2.298854017442895525e+00
2.301964707877942828e+00
2.302171511292598005e+00
2.304869807825992822e+00
2.308109566885546471e+00
2.309811728844875844e+00
2.311443573297455423e+00
2.314520769673062084e+00
2.316044861648038022e+00
2.317740742593747072e+00
2.319485479829289432e+00
2.323933580692226997e+00
