1.701846889066935731e+01
1.807228425074231026e+01
4.020368743045807491e+01
3.708520285142914474e+01
4.925083363642349354e+01
3.741270755877317100e+01
4.415241945614215524e+01
3.932202572800197515e+01
4.959965158233722349e+01
2.818495128825828644e+01
3.263681009802792943e+01
2.268760621443080083e+01
1.842742424339360596e+01
9.521059405166317546e+00
1.395555555555555571e+01
1.616708411109249965e+01
0.000000000000000000e+00
3.574195007934188428e+00
1.989044650734087583e+01
0.000000000000000000e+00
0.000000000000000000e+00
0.000000000000000000e+00
0.000000000000000000e+00
0.000000000000000000e+00
2.228797379717017435e+01
1.569999999999999929e+01
1.723559051511693951e+01
3.043092114783161861e+01
3.512766558709101616e+01
4.400919468859459727e+01
6.184468438380626765e+01
4.057601996658996057e+01
1.925991075195992153e+01
2.441960260210964506e+01
2.054808344998016167e+01
1.704926713214402412e+01
4.259795307504698059e+01
4.272360996498822061e+01
4.184610389467906089e+01
4.014804442133387852e+01
2.275785741092747827e+01
3.160724622791257588e+01
3.140777032908815158e+01
3.184611226943819062e+01
3.209843058253740367e+01
3.152613632733457649e+01
3.353995368842763725e+01
4.961840011044054677e+01
4.960352231168706538e+01
4.338761564401415427e+01
2.786218062911640914e+01
1.964105738240401777e+01
3.463196694188430769e+01
2.444839203807224592e+01
1.612477996070358088e+01
1.913668079717288251e+01
3.658690164834469982e+01
2.507061275434329062e+01
2.906514009000100529e+01
2.136377456480273551e+01
3.233129914973094543e+01
0.000000000000000000e+00
0.000000000000000000e+00
0.000000000000000000e+00
2.046115308066075755e+01
1.907796113277417760e+01
8.593356628998497726e+00
0.000000000000000000e+00
0.000000000000000000e+00
0.000000000000000000e+00
0.000000000000000000e+00
7.692580608940321696e+00
2.525427154809735342e+01
4.605616604971400108e+01
6.354170395187064457e+01
3.973290954207770653e+01
7.570125306399363296e+01
6.247704759998988777e+01
6.608722314239847151e+01
4.962052219977099554e+01
4.569934661310475832e+01
