2.362861009437711601e+00
2.361329358031044379e+00
2.360020162510921615e+00
2.357018010688562981e+00
2.355541865496968867e+00
2.353999513460382609e+00
2.352582694614103076e+00
2.351325097107325846e+00
2.348779363939747178e+00
2.345758710072939124e+00
2.344112416599773319e+00
2.342763435614096501e+00
2.341207864648491288e+00
2.339576732174012186e+00
2.336159456475742857e+00
2.334511376931276416e+00
2.331820764786073141e+00
2.329949140437841848e+00
2.326949920859291865e+00
2.326949920859291865e+00
2.324035006960432526e+00
2.322234108097940286e+00
2.320984306420355914e+00
2.319456806271961824e+00
2.316768506278192419e+00
2.315495013534488500e+00
2.314400852762448224e+00
2.313792715369732633e+00
2.311093074649999579e+00
2.310073074137562799e+00
2.309106035318629679e+00
2.308202605898459048e+00
2.306524319208675067e+00
2.305741382738959899e+00
2.304318784261162101e+00
2.303675232808051199e+00
2.303137093096845334e+00
2.303076907252004091e+00
2.302389797607593991e+00
2.302029256084818343e+00
2.301962683612177152e+00
2.302065688615181571e+00
2.302279750832983751e+00
2.302948180757233843e+00
2.303391945900006732e+00
2.303933349225567362e+00
2.304996138486483659e+00
2.305699083480160283e+00
2.306543884933199173e+00
2.307482902107359735e+00
2.311782983874072883e+00
2.322598599845768774e+00
2.325854957051921801e+00
2.314379545212745803e+00
2.309951037870604296e+00
2.305701937711791771e+00
2.300443515348401746e+00
