4.134151450317382812e+06
4.134151948913574219e+06
4.134152463928222656e+06
4.134152993530273438e+06
4.134153473907470703e+06
4.134154001190185547e+06
4.134154517547607422e+06
4.134155010833740234e+06
4.134155531555175781e+06
4.134156014984130859e+06
4.134156580902099609e+06
4.134157107727050781e+06
4.134157674133300781e+06
4.134158217834472656e+06
4.134158738403320312e+06
4.134159281311035156e+06
4.134159839172363281e+06
4.134160376922607422e+06
4.134160935974121094e+06
4.134161407531738281e+06
4.134161904266357422e+06
4.134162392822265625e+06
4.134162914031982422e+06
4.134163415100097656e+06
4.134163910156250000e+06
4.134164435913085938e+06
4.134164929626464844e+06
4.134165425811767578e+06
4.134165926849365234e+06
4.134166381896972656e+06
4.134166844146728516e+06
4.134167310699462891e+06
4.134167802581787109e+06
4.134168278381347656e+06
4.134168765472412109e+06
4.134169227172851562e+06
4.134169727935791016e+06
4.134170172454833984e+06
4.134170663879394531e+06
4.134171104766845703e+06
4.134171568786621094e+06
4.134172071777343750e+06
4.134172549133300781e+06
