-2.731068546212364612e-01
-3.174385934950175958e+00
-4.016461580705211531e+00
-3.964874002545121456e+00
-3.917609768641622470e+00
-3.922879781482169204e+00
-3.845970056677907145e+00
-3.696670084920028021e+00
-3.666302984677164645e+00
-3.547371956330483300e+00
-3.509193913504547790e+00
-3.335669313059272501e+00
-3.294575487071840225e+00
-3.206994859517907859e+00
-3.037033974490713106e+00
-2.968886700249588007e+00
-2.788888581480993611e+00
-2.776665700015425564e+00
-2.648591358463145973e+00
-2.601250970399012985e+00
-2.434084920220789705e+00
-2.240963349392683934e+00
-2.243540865537179130e+00
-2.226766015022310530e+00
-2.161233305548149186e+00
-2.131679985331776273e+00
-1.972514752316982367e+00
-1.873429295690576257e+00
-1.754266218047829673e+00
-1.680913873552608351e+00
-1.628994644638714906e+00
-1.542924245568662922e+00
-1.493945753375469865e+00
-1.408729929141796733e+00
-1.360926652600897846e+00
-1.260894970880452881e+00
-1.212810532930187035e+00
-1.114639409895715083e+00
-1.014598514697226506e+00
-9.333602508223168837e-01
-8.865207724213272078e-01
-8.265634519122503354e-01
-7.492363298102733271e-01
-6.676697940439297874e-01
-5.887786478121428413e-01
-4.624344928489793616e-01
-3.953390863069040639e-01
-3.548291183562498619e-01
-3.318647073930358626e-01
-2.631067658819031818e-01
-2.046589593823833764e-01
-1.507850020310281258e-01
-1.339602009371849978e-02
-8.426374252801306294e-03
5.279996794703744126e-03
-2.860945645495893697e-02
3.009938126441368267e-01
1.153244132442035608e-01
1.339537534574326283e-01
1.613537169032024376e-01
2.298135593846979130e-01
2.898482183170284499e-01
3.897219448412106990e-01
5.007242839184713468e-01
4.806146191595785933e-01
4.721525983044662644e-01
5.038333783503187169e-01
4.795315659811991149e-01
5.217945104192027728e-01
9.662332643897461049e-01
4.288918138638945443e+00
1.161708345741980075e+01
2.054235501287603682e+01
2.770113890339170126e+01
